onset_div	duration_div	continuous_beats	pitch	tpc	step	alter	beat_float	downbeat	ts_beats	ts_beat_type	staff	voice	duration	is_note_onset	ks_fifths	mc	mc_playthrough	mn	mn_playthrough	octave	quarterbeats_playthrough	section_start	a_isOnset	cadence	cadence_type	phraseend	a_phraseend	unfolded_harmony_index	label	alt_label	globalkey	localkey	pedal	chord	numeral	form	figbass	changes	relativeroot	chord_type	globalkey_is_minor	localkey_is_minor	chord_tones	added_tones	root	bass_note	globalkey_mode	localkey_mode	localkey_resolved	localkey_and_mode	root_roman	relativeroot_resolved	effective_localkey	effective_localkey_resolved	effective_localkey_is_minor	chord_reduced	chord_reduced_and_mode	pedal_resolved	chord_and_mode	applied_to_numeral	numeral_or_applied_to_numeral	a_simpleNumeral	a_degree1	a_degree2	globalkey_tpc	localkey_tpc	tonicized_tpc	root_tpc	bass_note_tpc	a_root	a_bass	a_localKey	a_tonicizedKey	a_quality	a_inversion	valid_chord_label	valid_cadence_label	valid_phrase_label	valid_pedal_point_label	valid_section_start_label	sic_with_global	sic_with_local	sic_with_tonicized	tpc_is_in_label	tpc_is_root	tpc_is_bass
0	8	0.0	67	1	G	0	1.0	1	4	4	1	1	1/2	True	0	1	1	1	1a	4	0	True	True			{	False	0	G.I{		G	I		I	I					M	False	False	(0, 4, 1)	()	0	0	major	major	I	I, major	I		I	I	False	I	I, major		I, major		I	I	1		1	1	1	1	1	G	G	G	G	major triad	0	True	True	True	True	True	0	0	0	True	True	True
4	8	1.0	55	1	G	0	2.0	2	4	4	4	1	1/2	True	0	1	1	1	1a	3	1	False	False				False	0	G.I{		G	I		I	I					M	False	False	(0, 4, 1)	()	0	0	major	major	I	I, major	I		I	I	False	I	I, major		I, major		I	I	1		1	1	1	1	1	G	G	G	G	major triad	0	True	True	True	True	True	0	0	0	True	True	True
8	6	2.0	69	3	A	0	3.0	3	4	4	1	1	3/8	True	0	1	1	1	1a	4	2	False	True				False	1	ii2		G	I		ii2	ii		2			mm7	False	False	(0, 2, -1, 3)	()	2	0	major	major	I	I, major	ii		I	I	False	ii2	ii2, major		ii2, major		ii	ii7	2		1	1	1	3	1	A	G	G	G		3	True	True	True	True	True	2	2	2	True	True	False
12	4	3.0	54	6	F	1	4.0	4	4	4	4	1	1/4	True	0	1	1	1	1a	3	3	False	True				False	2	V6		G	I		V6	V		6			M	False	False	(5, 2, 1)	()	1	5	major	major	I	I, major	V		I	I	False	V6	V6, major		V6, major		V	V	5		1	1	1	2	6	D	F#	G	G	major triad	1	True	True	True	True	True	5	5	5	True	False	True
14	1	3.5	67	1	G	0	4.5	0	4	4	1	1	1/16	True	0	1	1	1	1a	4	7/2	False	False				False	2	V6		G	I		V6	V		6			M	False	False	(5, 2, 1)	()	1	5	major	major	I	I, major	V		I	I	False	V6	V6, major		V6, major		V	V	5		1	1	1	2	6	D	F#	G	G	major triad	1	True	True	True	True	True	0	0	0	False	False	False
15	1	3.75	69	3	A	0	4.75	0	4	4	1	1	1/16	True	0	1	1	1	1a	4	15/4	False	False				False	2	V6		G	I		V6	V		6			M	False	False	(5, 2, 1)	()	1	5	major	major	I	I, major	V		I	I	False	V6	V6, major		V6, major		V	V	5		1	1	1	2	6	D	F#	G	G	major triad	1	True	True	True	True	True	2	2	2	True	False	False
16	4	4.0	55	1	G	0	1.0	1	4	4	4	1	1/4	True	0	2	2	2	2a	3	4	False	True				False	3	I		G	I		I	I					M	False	False	(0, 4, 1)	()	0	0	major	major	I	I, major	I		I	I	False	I	I, major		I, major		I	I	1		1	1	1	1	1	G	G	G	G	major triad	0	True	True	True	True	True	0	0	0	True	True	True
16	2	4.0	71	5	B	0	1.0	1	4	4	1	1	1/8	True	0	2	2	2	2a	4	4	False	True				False	3	I		G	I		I	I					M	False	False	(0, 4, 1)	()	0	0	major	major	I	I, major	I		I	I	False	I	I, major		I, major		I	I	1		1	1	1	1	1	G	G	G	G	major triad	0	True	True	True	True	True	4	4	4	True	False	False
18	2	4.5	67	1	G	0	1.5	0	4	4	1	1	1/8	True	0	2	2	2	2a	4	9/2	False	False				False	3	I		G	I		I	I					M	False	False	(0, 4, 1)	()	0	0	major	major	I	I, major	I		I	I	False	I	I, major		I, major		I	I	1		1	1	1	1	1	G	G	G	G	major triad	0	True	True	True	True	True	0	0	0	True	True	True
20	4	5.0	47	5	B	0	2.0	2	4	4	4	1	1/4	True	0	2	2	2	2a	2	5	False	True				False	4	I6		G	I		I6	I		6			M	False	False	(4, 1, 0)	()	0	4	major	major	I	I, major	I		I	I	False	I6	I6, major		I6, major		I	I	1		1	1	1	1	5	G	B	G	G	major triad	1	True	True	True	True	True	4	4	4	True	False	True
20	2	5.0	74	2	D	0	2.0	2	4	4	1	1	1/8	True	0	2	2	2	2a	5	5	False	True				False	4	I6		G	I		I6	I		6			M	False	False	(4, 1, 0)	()	0	4	major	major	I	I, major	I		I	I	False	I6	I6, major		I6, major		I	I	1		1	1	1	1	5	G	B	G	G	major triad	1	True	True	True	True	True	1	1	1	True	False	False
22	2	5.5	74	2	D	0	2.5	0	4	4	1	1	1/8	True	0	2	2	2	2a	5	11/2	False	False				False	4	I6		G	I		I6	I		6			M	False	False	(4, 1, 0)	()	0	4	major	major	I	I, major	I		I	I	False	I6	I6, major		I6, major		I	I	1		1	1	1	1	5	G	B	G	G	major triad	1	True	True	True	True	True	1	1	1	True	False	False
24	4	6.0	48	0	C	0	3.0	3	4	4	4	1	1/4	True	0	2	2	2	2a	3	6	False	True				False	5	IV		G	I		IV	IV					M	False	False	(-1, 3, 0)	()	-1	-1	major	major	I	I, major	IV		I	I	False	IV	IV, major		IV, major		IV	IV	4		1	1	1	0	0	C	C	G	G	major triad	0	True	True	True	True	True	-1	-1	-1	True	True	True
24	4	6.0	76	4	E	0	3.0	3	4	4	1	1	1/4	True	0	2	2	2	2a	5	6	False	True				False	5	IV		G	I		IV	IV					M	False	False	(-1, 3, 0)	()	-1	-1	major	major	I	I, major	IV		I	I	False	IV	IV, major		IV, major		IV	IV	4		1	1	1	0	0	C	C	G	G	major triad	0	True	True	True	True	True	3	3	3	True	False	False
28	4	7.0	45	3	A	0	4.0	4	4	4	4	1	1/4	True	0	2	2	2	2a	2	7	False	True				False	6	viio6		G	I		viio6	vii	o	6			o	False	False	(2, -1, 5)	()	5	2	major	major	I	I, major	vii		I	I	False	viio6	viio6, major		viio6, major		vii	viio	7		1	1	1	6	3	F#	A	G	G	diminished triad	1	True	True	True	True	True	2	2	2	True	False	True
28	4	7.0	78	6	F	1	4.0	4	4	4	1	1	1/4	True	0	2	2	2	2a	5	7	False	True				False	6	viio6		G	I		viio6	vii	o	6			o	False	False	(2, -1, 5)	()	5	2	major	major	I	I, major	vii		I	I	False	viio6	viio6, major		viio6, major		vii	viio	7		1	1	1	6	3	F#	A	G	G	diminished triad	1	True	True	True	True	True	5	5	5	True	True	False
32	4	8.0	43	1	G	0	1.0	1	4	4	4	1	1/4	True	0	3	3	3	3a	2	8	False	True				False	7	I		G	I		I	I					M	False	False	(0, 4, 1)	()	0	0	major	major	I	I, major	I		I	I	False	I	I, major		I, major		I	I	1		1	1	1	1	1	G	G	G	G	major triad	0	True	True	True	True	True	0	0	0	True	True	True
32	2	8.0	79	1	G	0	1.0	1	4	4	1	1	1/8	True	0	3	3	3	3a	5	8	False	True				False	7	I		G	I		I	I					M	False	False	(0, 4, 1)	()	0	0	major	major	I	I, major	I		I	I	False	I	I, major		I, major		I	I	1		1	1	1	1	1	G	G	G	G	major triad	0	True	True	True	True	True	0	0	0	True	True	True
34	1	8.5	74	2	D	0	1.5	0	4	4	1	1	1/16	True	0	3	3	3	3a	5	17/2	False	False				False	7	I		G	I		I	I					M	False	False	(0, 4, 1)	()	0	0	major	major	I	I, major	I		I	I	False	I	I, major		I, major		I	I	1		1	1	1	1	1	G	G	G	G	major triad	0	True	True	True	True	True	1	1	1	True	False	False
35	1	8.75	72	0	C	0	1.75	0	4	4	1	1	1/16	True	0	3	3	3	3a	5	35/4	False	False				False	7	I		G	I		I	I					M	False	False	(0, 4, 1)	()	0	0	major	major	I	I, major	I		I	I	False	I	I, major		I, major		I	I	1		1	1	1	1	1	G	G	G	G	major triad	0	True	True	True	True	True	-1	-1	-1	False	False	False
36	4	9.0	55	1	G	0	2.0	2	4	4	4	1	1/4	True	0	3	3	3	3a	3	9	False	False				False	7	I		G	I		I	I					M	False	False	(0, 4, 1)	()	0	0	major	major	I	I, major	I		I	I	False	I	I, major		I, major		I	I	1		1	1	1	1	1	G	G	G	G	major triad	0	True	True	True	True	True	0	0	0	True	True	True
36	2	9.0	71	5	B	0	2.0	2	4	4	1	1	1/8	True	0	3	3	3	3a	4	9	False	False				False	7	I		G	I		I	I					M	False	False	(0, 4, 1)	()	0	0	major	major	I	I, major	I		I	I	False	I	I, major		I, major		I	I	1		1	1	1	1	1	G	G	G	G	major triad	0	True	True	True	True	True	4	4	4	True	False	False
38	1	9.5	69	3	A	0	2.5	0	4	4	1	1	1/16	True	0	3	3	3	3a	4	19/2	False	False				False	7	I		G	I		I	I					M	False	False	(0, 4, 1)	()	0	0	major	major	I	I, major	I		I	I	False	I	I, major		I, major		I	I	1		1	1	1	1	1	G	G	G	G	major triad	0	True	True	True	True	True	2	2	2	False	False	False
39	1	9.75	67	1	G	0	2.75	0	4	4	1	1	1/16	True	0	3	3	3	3a	4	39/4	False	False				False	7	I		G	I		I	I					M	False	False	(0, 4, 1)	()	0	0	major	major	I	I, major	I		I	I	False	I	I, major		I, major		I	I	1		1	1	1	1	1	G	G	G	G	major triad	0	True	True	True	True	True	0	0	0	True	True	True
40	6	10.0	54	6	F	1	3.0	3	4	4	4	1	3/8	True	0	3	3	3	3a	3	10	False	True				False	8	V		G	I		V	V					M	False	False	(1, 5, 2)	()	1	1	major	major	I	I, major	V		I	I	False	V	V, major		V, major		V	V	5		1	1	1	2	2	D	D	G	G	major triad	0	True	True	True	True	True	5	5	5	True	False	False
40	2	10.0	69	3	A	0	3.0	3	4	4	1	1	1/8	True	0	3	3	3	3a	4	10	False	True				False	8	V		G	I		V	V					M	False	False	(1, 5, 2)	()	1	1	major	major	I	I, major	V		I	I	False	V	V, major		V, major		V	V	5		1	1	1	2	2	D	D	G	G	major triad	0	True	True	True	True	True	2	2	2	True	False	False
40	8	10.0	74	2	D	0	3.0	3	4	4	2	1	1/2	True	0	3	3	3	3a	5	10	False	True				False	8	V		G	I		V	V					M	False	False	(1, 5, 2)	()	1	1	major	major	I	I, major	V		I	I	False	V	V, major		V, major		V	V	5		1	1	1	2	2	D	D	G	G	major triad	0	True	True	True	True	True	1	1	1	True	True	True
42	2	10.5	62	2	D	0	3.5	0	4	4	1	1	1/8	True	0	3	3	3	3a	4	21/2	False	False				False	8	V		G	I		V	V					M	False	False	(1, 5, 2)	()	1	1	major	major	I	I, major	V		I	I	False	V	V, major		V, major		V	V	5		1	1	1	2	2	D	D	G	G	major triad	0	True	True	True	True	True	1	1	1	True	True	True
44	4	11.0	74	2	D	0	4.0	4	4	4	1	1	1/4	True	0	3	3	3	3a	5	11	False	False				False	8	V		G	I		V	V					M	False	False	(1, 5, 2)	()	1	1	major	major	I	I, major	V		I	I	False	V	V, major		V, major		V	V	5		1	1	1	2	2	D	D	G	G	major triad	0	True	True	True	True	True	1	1	1	True	True	True
46	2	11.5	54	6	F	1	4.5	0	4	4	4	1	1/8	True	0	3	3	3	3a	3	23/2	False	False				False	8	V		G	I		V	V					M	False	False	(1, 5, 2)	()	1	1	major	major	I	I, major	V		I	I	False	V	V, major		V, major		V	V	5		1	1	1	2	2	D	D	G	G	major triad	0	True	True	True	True	True	5	5	5	True	False	False
48	2	12.0	55	1	G	0	1.0	1	4	4	4	1	1/8	True	0	4	4	4	4a	3	12	False	True				False	9	ii65/V		G	I		ii65/V	ii		65		V	mm7	False	False	(0, 4, 1, 3)	()	3	0	major	major	I	I, major	ii/V	V	V/I	V	False	ii65/V	ii65/V, major		ii65/V, major	V	V	ii7	2	5	1	1	2	4	1	E	G	G	D		1	True	True	True	True	True	0	0	-1	True	False	True
48	4	12.0	74	2	D	0	1.0	1	4	4	1	1	1/4	False	0	4	4	4	4a	5	12	False	True				False	9	ii65/V		G	I		ii65/V	ii		65		V	mm7	False	False	(0, 4, 1, 3)	()	3	0	major	major	I	I, major	ii/V	V	V/I	V	False	ii65/V	ii65/V, major		ii65/V, major	V	V	ii7	2	5	1	1	2	4	1	E	G	G	D		1	True	True	True	True	True	1	1	0	True	False	False
48	6	12.0	76	4	E	0	1.0	1	4	4	2	1	3/8	True	0	4	4	4	4a	5	12	False	True				False	9	ii65/V		G	I		ii65/V	ii		65		V	mm7	False	False	(0, 4, 1, 3)	()	3	0	major	major	I	I, major	ii/V	V	V/I	V	False	ii65/V	ii65/V, major		ii65/V, major	V	V	ii7	2	5	1	1	2	4	1	E	G	G	D		1	True	True	True	True	True	3	3	2	True	True	False
50	2	12.5	52	4	E	0	1.5	0	4	4	4	1	1/8	True	0	4	4	4	4a	3	25/2	False	False				False	9	ii65/V		G	I		ii65/V	ii		65		V	mm7	False	False	(0, 4, 1, 3)	()	3	0	major	major	I	I, major	ii/V	V	V/I	V	False	ii65/V	ii65/V, major		ii65/V, major	V	V	ii7	2	5	1	1	2	4	1	E	G	G	D		1	True	True	True	True	True	3	3	2	True	True	False
52	2	13.0	57	3	A	0	2.0	2	4	4	4	1	1/8	True	0	4	4	4	4a	3	13	False	True				False	10	V/V		G	I		V/V	V				V	M	False	False	(2, 6, 3)	()	2	2	major	major	I	I, major	V/V	V	V/I	V	False	V/V	V/V, major		V/V, major	V	V	V	5	5	1	1	2	3	3	A	A	G	D	major triad	0	True	True	True	True	True	2	2	1	True	True	True
52	4	13.0	73	7	C	1	2.0	2	4	4	1	1	1/4	True	0	4	4	4	4a	5	13	False	True				False	10	V/V		G	I		V/V	V				V	M	False	False	(2, 6, 3)	()	2	2	major	major	I	I, major	V/V	V	V/I	V	False	V/V	V/V, major		V/V, major	V	V	V	5	5	1	1	2	3	3	A	A	G	D	major triad	0	True	True	True	True	True	6	6	5	True	False	False
54	2	13.5	45	3	A	0	2.5	0	4	4	4	1	1/8	True	0	4	4	4	4a	2	27/2	False	False				False	10	V/V		G	I		V/V	V				V	M	False	False	(2, 6, 3)	()	2	2	major	major	I	I, major	V/V	V	V/I	V	False	V/V	V/V, major		V/V, major	V	V	V	5	5	1	1	2	3	3	A	A	G	D	major triad	0	True	True	True	True	True	2	2	1	True	True	True
54	1	13.5	74	2	D	0	2.5	0	4	4	2	1	1/16	True	0	4	4	4	4a	5	27/2	False	False				False	10	V/V		G	I		V/V	V				V	M	False	False	(2, 6, 3)	()	2	2	major	major	I	I, major	V/V	V	V/I	V	False	V/V	V/V, major		V/V, major	V	V	V	5	5	1	1	2	3	3	A	A	G	D	major triad	0	True	True	True	True	True	1	1	0	False	False	False
55	1	13.75	76	4	E	0	2.75	0	4	4	2	1	1/16	True	0	4	4	4	4a	5	55/4	False	False				False	10	V/V		G	I		V/V	V				V	M	False	False	(2, 6, 3)	()	2	2	major	major	I	I, major	V/V	V	V/I	V	False	V/V	V/V, major		V/V, major	V	V	V	5	5	1	1	2	3	3	A	A	G	D	major triad	0	True	True	True	True	True	3	3	2	True	False	False
56	6	14.0	50	2	D	0	3.0	3	4	4	4	1	3/8	True	0	4	4	4	4a	3	14	False	True				False	11	V		G	I		V	V					M	False	False	(1, 5, 2)	()	1	1	major	major	I	I, major	V		I	I	False	V	V, major		V, major		V	V	5		1	1	1	2	2	D	D	G	G	major triad	0	True	True	True	True	True	1	1	1	True	True	True
56	2	14.0	78	6	F	1	3.0	3	4	4	2	1	1/8	True	0	4	4	4	4a	5	14	False	True				False	11	V		G	I		V	V					M	False	False	(1, 5, 2)	()	1	1	major	major	I	I, major	V		I	I	False	V	V, major		V, major		V	V	5		1	1	1	2	2	D	D	G	G	major triad	0	True	True	True	True	True	5	5	5	True	False	False
58	2	14.5	74	2	D	0	3.5	0	4	4	2	1	1/8	True	0	4	4	4	4a	5	29/2	False	False				False	11	V		G	I		V	V					M	False	False	(1, 5, 2)	()	1	1	major	major	I	I, major	V		I	I	False	V	V, major		V, major		V	V	5		1	1	1	2	2	D	D	G	G	major triad	0	True	True	True	True	True	1	1	1	True	True	True
58	2	14.5	81	3	A	0	3.5	0	4	4	1	1	1/8	True	0	4	4	4	4a	5	29/2	False	False				False	11	V		G	I		V	V					M	False	False	(1, 5, 2)	()	1	1	major	major	I	I, major	V		I	I	False	V	V, major		V, major		V	V	5		1	1	1	2	2	D	D	G	G	major triad	0	True	True	True	True	True	2	2	2	True	False	False
60	2	15.0	78	6	F	1	4.0	4	4	4	1	1	1/8	True	0	4	4	4	4a	5	15	False	False				False	11	V		G	I		V	V					M	False	False	(1, 5, 2)	()	1	1	major	major	I	I, major	V		I	I	False	V	V, major		V, major		V	V	5		1	1	1	2	2	D	D	G	G	major triad	0	True	True	True	True	True	5	5	5	True	False	False
60	2	15.0	81	3	A	0	4.0	4	4	4	2	1	1/8	True	0	4	4	4	4a	5	15	False	False				False	11	V		G	I		V	V					M	False	False	(1, 5, 2)	()	1	1	major	major	I	I, major	V		I	I	False	V	V, major		V, major		V	V	5		1	1	1	2	2	D	D	G	G	major triad	0	True	True	True	True	True	2	2	2	True	False	False
62	2	15.5	54	6	F	1	4.5	0	4	4	4	1	1/8	True	0	4	4	4	4a	3	31/2	False	True				False	12	V6		G	I		V6	V		6			M	False	False	(5, 2, 1)	()	1	5	major	major	I	I, major	V		I	I	False	V6	V6, major		V6, major		V	V	5		1	1	1	2	6	D	F#	G	G	major triad	1	True	True	True	True	True	5	5	5	True	False	True
62	2	15.5	74	2	D	0	4.5	0	4	4	1	1	1/8	True	0	4	4	4	4a	5	31/2	False	True				False	12	V6		G	I		V6	V		6			M	False	False	(5, 2, 1)	()	1	5	major	major	I	I, major	V		I	I	False	V6	V6, major		V6, major		V	V	5		1	1	1	2	6	D	F#	G	G	major triad	1	True	True	True	True	True	1	1	1	True	True	False
62	2	15.5	81	3	A	0	4.5	0	4	4	2	1	1/8	True	0	4	4	4	4a	5	31/2	False	True				False	12	V6		G	I		V6	V		6			M	False	False	(5, 2, 1)	()	1	5	major	major	I	I, major	V		I	I	False	V6	V6, major		V6, major		V	V	5		1	1	1	2	6	D	F#	G	G	major triad	1	True	True	True	True	True	2	2	2	True	False	False
64	4	16.0	52	4	E	0	1.0	1	4	4	4	1	1/4	True	0	5	5	5	5a	3	16	False	True				False	13	ii7/V		G	I		ii7/V	ii		7		V	mm7	False	False	(3, 0, 4, 1)	()	3	3	major	major	I	I, major	ii/V	V	V/I	V	False	ii7/V	ii7/V, major		ii7/V, major	V	V	ii7	2	5	1	1	2	4	4	E	E	G	D		7	True	True	True	True	True	3	3	2	True	True	True
64	6	16.0	79	1	G	0	1.0	1	4	4	1	1	3/8	True	0	5	5	5	5a	5	16	False	True				False	13	ii7/V		G	I		ii7/V	ii		7		V	mm7	False	False	(3, 0, 4, 1)	()	3	3	major	major	I	I, major	ii/V	V	V/I	V	False	ii7/V	ii7/V, major		ii7/V, major	V	V	ii7	2	5	1	1	2	4	4	E	E	G	D		7	True	True	True	True	True	0	0	-1	True	False	False
64	4	16.0	83	5	B	0	1.0	1	4	4	2	1	1/4	True	0	5	5	5	5a	5	16	False	True				False	13	ii7/V		G	I		ii7/V	ii		7		V	mm7	False	False	(3, 0, 4, 1)	()	3	3	major	major	I	I, major	ii/V	V	V/I	V	False	ii7/V	ii7/V, major		ii7/V, major	V	V	ii7	2	5	1	1	2	4	4	E	E	G	D		7	True	True	True	True	True	4	4	3	True	False	False
68	4	17.0	45	3	A	0	2.0	2	4	4	4	1	1/4	True	0	5	5	5	5a	2	17	False	True				False	14	V7/V		G	I		V7/V	V		7		V	Mm7	False	False	(2, 6, 3, 0)	()	2	2	major	major	I	I, major	V/V	V	V/I	V	False	V7/V	V7/V, major		V7/V, major	V	V	V7	5	5	1	1	2	3	3	A	A	G	D	dominant seventh chord	7	True	True	True	True	True	2	2	1	True	True	True
68	4	17.0	85	7	C	1	2.0	2	4	4	2	1	1/4	True	0	5	5	5	5a	6	17	False	True				False	14	V7/V		G	I		V7/V	V		7		V	Mm7	False	False	(2, 6, 3, 0)	()	2	2	major	major	I	I, major	V/V	V	V/I	V	False	V7/V	V7/V, major		V7/V, major	V	V	V7	5	5	1	1	2	3	3	A	A	G	D	dominant seventh chord	7	True	True	True	True	True	6	6	5	True	False	False
70	1	17.5	81	3	A	0	2.5	0	4	4	1	1	1/16	True	0	5	5	5	5a	5	35/2	False	False				False	14	V7/V		G	I		V7/V	V		7		V	Mm7	False	False	(2, 6, 3, 0)	()	2	2	major	major	I	I, major	V/V	V	V/I	V	False	V7/V	V7/V, major		V7/V, major	V	V	V7	5	5	1	1	2	3	3	A	A	G	D	dominant seventh chord	7	True	True	True	True	True	2	2	1	True	True	True
71	1	17.75	79	1	G	0	2.75	0	4	4	1	1	1/16	True	0	5	5	5	5a	5	71/4	False	False				False	14	V7/V		G	I		V7/V	V		7		V	Mm7	False	False	(2, 6, 3, 0)	()	2	2	major	major	I	I, major	V/V	V	V/I	V	False	V7/V	V7/V, major		V7/V, major	V	V	V7	5	5	1	1	2	3	3	A	A	G	D	dominant seventh chord	7	True	True	True	True	True	0	0	-1	True	False	False
72	4	18.0	50	2	D	0	3.0	3	4	4	4	1	1/4	True	0	5	5	5	5a	3	18	False	True	HC	HC	}	True	15	V|HC}		G	I		V	V					M	False	False	(1, 5, 2)	()	1	1	major	major	I	I, major	V		I	I	False	V	V, major		V, major		V	V	5		1	1	1	2	2	D	D	G	G	major triad	0	True	True	True	True	True	1	1	1	True	True	True
72	2	18.0	78	6	F	1	3.0	3	4	4	1	1	1/8	True	0	5	5	5	5a	5	18	False	True	HC	HC	}	True	15	V|HC}		G	I		V	V					M	False	False	(1, 5, 2)	()	1	1	major	major	I	I, major	V		I	I	False	V	V, major		V, major		V	V	5		1	1	1	2	2	D	D	G	G	major triad	0	True	True	True	True	True	5	5	5	True	False	False
72	6	18.0	86	2	D	0	3.0	3	4	4	2	1	3/8	True	0	5	5	5	5a	6	18	False	True	HC	HC	}	True	15	V|HC}		G	I		V	V					M	False	False	(1, 5, 2)	()	1	1	major	major	I	I, major	V		I	I	False	V	V, major		V, major		V	V	5		1	1	1	2	2	D	D	G	G	major triad	0	True	True	True	True	True	1	1	1	True	True	True
74	2	18.5	69	3	A	0	3.5	0	4	4	1	1	1/8	True	0	5	5	5	5a	4	37/2	False	False				False	15	V|HC}		G	I		V	V					M	False	False	(1, 5, 2)	()	1	1	major	major	I	I, major	V		I	I	False	V	V, major		V, major		V	V	5		1	1	1	2	2	D	D	G	G	major triad	0	True	True	True	True	True	2	2	2	True	False	False
76	4	19.0	74	2	D	0	4.0	4	4	4	1	1	1/4	True	0	5	5	5	5a	5	19	False	False				False	15	V|HC}		G	I		V	V					M	False	False	(1, 5, 2)	()	1	1	major	major	I	I, major	V		I	I	False	V	V, major		V, major		V	V	5		1	1	1	2	2	D	D	G	G	major triad	0	True	True	True	True	True	1	1	1	True	True	True
78	2	19.5	74	2	D	0	4.5	0	4	4	2	1	1/8	True	0	5	5	5	5a	5	39/2	False	False				False	15	V|HC}		G	I		V	V					M	False	False	(1, 5, 2)	()	1	1	major	major	I	I, major	V		I	I	False	V	V, major		V, major		V	V	5		1	1	1	2	2	D	D	G	G	major triad	0	True	True	True	True	True	1	1	1	True	True	True
80	2	20.0	74	2	D	0	1.0	1	4	4	1	1	1/8	False	0	6	6	6	6a	5	20	False	False			{	False	16	{		G	I		V	V					M	False	False	()	()	1	1	major	major	I	I, major	V		I	I	False		, major		V, major		V	V	5		1	1	1	2	2	D	D	G	G	None	0	False	True	True	True	True	1	1	1	False	True	True
80	2	20.0	76	4	E	0	1.0	1	4	4	2	1	1/8	True	0	6	6	6	6a	5	20	False	False			{	False	16	{		G	I		V	V					M	False	False	()	()	1	1	major	major	I	I, major	V		I	I	False		, major		V, major		V	V	5		1	1	1	2	2	D	D	G	G	None	0	False	True	True	True	True	3	3	3	False	False	False
82	1	20.5	72	0	C	0	1.5	0	4	4	1	1	1/16	True	0	6	6	6	6a	5	41/2	False	False				False	16	{		G	I		V	V					M	False	False	()	()	1	1	major	major	I	I, major	V		I	I	False		, major		V, major		V	V	5		1	1	1	2	2	D	D	G	G	None	0	False	True	True	True	True	-1	-1	-1	False	False	False
82	1	20.5	78	6	F	1	1.5	0	4	4	2	1	1/16	True	0	6	6	6	6a	5	41/2	False	False				False	16	{		G	I		V	V					M	False	False	()	()	1	1	major	major	I	I, major	V		I	I	False		, major		V, major		V	V	5		1	1	1	2	2	D	D	G	G	None	0	False	True	True	True	True	5	5	5	False	False	False
83	1	20.75	71	5	B	0	1.75	0	4	4	1	1	1/16	True	0	6	6	6	6a	4	83/4	False	False				False	16	{		G	I		V	V					M	False	False	()	()	1	1	major	major	I	I, major	V		I	I	False		, major		V, major		V	V	5		1	1	1	2	2	D	D	G	G	None	0	False	True	True	True	True	4	4	4	False	False	False
83	1	20.75	79	1	G	0	1.75	0	4	4	2	1	1/16	True	0	6	6	6	6a	5	83/4	False	False				False	16	{		G	I		V	V					M	False	False	()	()	1	1	major	major	I	I, major	V		I	I	False		, major		V, major		V	V	5		1	1	1	2	2	D	D	G	G	None	0	False	True	True	True	True	0	0	0	False	False	False
84	6	21.0	72	0	C	0	2.0	2	4	4	1	1	3/8	True	0	6	6	6	6a	5	21	False	True				False	17	V2		G	I		V2	V		2			Mm7	False	False	(-1, 1, 5, 2)	()	1	-1	major	major	I	I, major	V		I	I	False	V2	V2, major		V2, major		V	V7	5		1	1	1	2	0	D	C	G	G	dominant seventh chord	3	True	True	True	True	True	-1	-1	-1	True	False	True
84	2	21.0	81	3	A	0	2.0	2	4	4	2	1	1/8	True	0	6	6	6	6a	5	21	False	True				False	17	V2		G	I		V2	V		2			Mm7	False	False	(-1, 1, 5, 2)	()	1	-1	major	major	I	I, major	V		I	I	False	V2	V2, major		V2, major		V	V7	5		1	1	1	2	0	D	C	G	G	dominant seventh chord	3	True	True	True	True	True	2	2	2	True	False	False
86	2	21.5	81	3	A	0	2.5	0	4	4	2	1	1/8	True	0	6	6	6	6a	5	43/2	False	False				False	17	V2		G	I		V2	V		2			Mm7	False	False	(-1, 1, 5, 2)	()	1	-1	major	major	I	I, major	V		I	I	False	V2	V2, major		V2, major		V	V7	5		1	1	1	2	0	D	C	G	G	dominant seventh chord	3	True	True	True	True	True	2	2	2	True	False	False
88	8	22.0	43	1	G	0	3.0	3	4	4	3	1	1/2	True	0	6	6	6	6a	2	22	False	True				False	18	I(4)		G	I		I(4)	I			4		M	False	False	(0, -1, 1)	()	0	0	major	major	I	I, major	I		I	I	False	I	I, major		I(4), major		I	I	1		1	1	1	1	1	G	G	G	G	major triad	0	True	True	True	True	True	0	0	0	True	True	True
88	8	22.0	43	1	G	0	3.0	3	4	4	4	1	1/2	True	0	6	6	6	6a	2	22	False	True				False	18	I(4)		G	I		I(4)	I			4		M	False	False	(0, -1, 1)	()	0	0	major	major	I	I, major	I		I	I	False	I	I, major		I(4), major		I	I	1		1	1	1	1	1	G	G	G	G	major triad	0	True	True	True	True	True	0	0	0	True	True	True
88	2	22.0	74	2	D	0	3.0	3	4	4	2	1	1/8	True	0	6	6	6	6a	5	22	False	True				False	18	I(4)		G	I		I(4)	I			4		M	False	False	(0, -1, 1)	()	0	0	major	major	I	I, major	I		I	I	False	I	I, major		I(4), major		I	I	1		1	1	1	1	1	G	G	G	G	major triad	0	True	True	True	True	True	1	1	1	True	False	False
90	1	22.5	71	5	B	0	3.5	0	4	4	1	1	1/16	True	0	6	6	6	6a	4	45/2	False	False				False	18	I(4)		G	I		I(4)	I			4		M	False	False	(0, -1, 1)	()	0	0	major	major	I	I, major	I		I	I	False	I	I, major		I(4), major		I	I	1		1	1	1	1	1	G	G	G	G	major triad	0	True	True	True	True	True	4	4	4	False	False	False
90	1	22.5	76	4	E	0	3.5	0	4	4	2	1	1/16	True	0	6	6	6	6a	5	45/2	False	False				False	18	I(4)		G	I		I(4)	I			4		M	False	False	(0, -1, 1)	()	0	0	major	major	I	I, major	I		I	I	False	I	I, major		I(4), major		I	I	1		1	1	1	1	1	G	G	G	G	major triad	0	True	True	True	True	True	3	3	3	False	False	False
91	1	22.75	69	3	A	0	3.75	0	4	4	1	1	1/16	True	0	6	6	6	6a	4	91/4	False	False				False	18	I(4)		G	I		I(4)	I			4		M	False	False	(0, -1, 1)	()	0	0	major	major	I	I, major	I		I	I	False	I	I, major		I(4), major		I	I	1		1	1	1	1	1	G	G	G	G	major triad	0	True	True	True	True	True	2	2	2	False	False	False
91	1	22.75	78	6	F	1	3.75	0	4	4	2	1	1/16	True	0	6	6	6	6a	5	91/4	False	False				False	18	I(4)		G	I		I(4)	I			4		M	False	False	(0, -1, 1)	()	0	0	major	major	I	I, major	I		I	I	False	I	I, major		I(4), major		I	I	1		1	1	1	1	1	G	G	G	G	major triad	0	True	True	True	True	True	5	5	5	False	False	False
92	2	23.0	71	5	B	0	4.0	4	4	4	1	1	1/8	True	0	6	6	6	6a	4	23	False	True				False	19	I		G	I		I	I					M	False	False	(0, 4, 1)	()	0	0	major	major	I	I, major	I		I	I	False	I	I, major		I, major		I	I	1		1	1	1	1	1	G	G	G	G	major triad	0	True	True	True	True	True	4	4	4	True	False	False
92	4	23.0	79	1	G	0	4.0	4	4	4	2	1	1/4	True	0	6	6	6	6a	5	23	False	True				False	19	I		G	I		I	I					M	False	False	(0, 4, 1)	()	0	0	major	major	I	I, major	I		I	I	False	I	I, major		I, major		I	I	1		1	1	1	1	1	G	G	G	G	major triad	0	True	True	True	True	True	0	0	0	True	True	True
94	2	23.5	74	2	D	0	4.5	0	4	4	1	1	1/8	True	0	6	6	6	6a	5	47/2	False	False				False	19	I		G	I		I	I					M	False	False	(0, 4, 1)	()	0	0	major	major	I	I, major	I		I	I	False	I	I, major		I, major		I	I	1		1	1	1	1	1	G	G	G	G	major triad	0	True	True	True	True	True	1	1	1	True	False	False
96	6	24.0	45	3	A	0	1.0	1	4	4	3	1	3/8	True	0	7	7	7	7a	2	24	False	True				False	20	ii7		G	I		ii7	ii		7			mm7	False	False	(2, -1, 3, 0)	()	2	2	major	major	I	I, major	ii		I	I	False	ii7	ii7, major		ii7, major		ii	ii7	2		1	1	1	3	3	A	A	G	G		7	True	True	True	True	True	2	2	2	True	True	True
96	6	24.0	45	3	A	0	1.0	1	4	4	4	1	3/8	True	0	7	7	7	7a	2	24	False	True				False	20	ii7		G	I		ii7	ii		7			mm7	False	False	(2, -1, 3, 0)	()	2	2	major	major	I	I, major	ii		I	I	False	ii7	ii7, major		ii7, major		ii	ii7	2		1	1	1	3	3	A	A	G	G		7	True	True	True	True	True	2	2	2	True	True	True
96	1	24.0	72	0	C	0	1.0	1	4	4	1	1	1/16	True	0	7	7	7	7a	5	24	False	True				False	20	ii7		G	I		ii7	ii		7			mm7	False	False	(2, -1, 3, 0)	()	2	2	major	major	I	I, major	ii		I	I	False	ii7	ii7, major		ii7, major		ii	ii7	2		1	1	1	3	3	A	A	G	G		7	True	True	True	True	True	-1	-1	-1	True	False	False
96	4	24.0	79	1	G	0	1.0	1	4	4	2	1	1/4	False	0	7	7	7	7a	5	24	False	True				False	20	ii7		G	I		ii7	ii		7			mm7	False	False	(2, -1, 3, 0)	()	2	2	major	major	I	I, major	ii		I	I	False	ii7	ii7, major		ii7, major		ii	ii7	2		1	1	1	3	3	A	A	G	G		7	True	True	True	True	True	0	0	0	True	False	False
97	1	24.25	74	2	D	0	1.25	0	4	4	1	1	1/16	True	0	7	7	7	7a	5	97/4	False	False				False	20	ii7		G	I		ii7	ii		7			mm7	False	False	(2, -1, 3, 0)	()	2	2	major	major	I	I, major	ii		I	I	False	ii7	ii7, major		ii7, major		ii	ii7	2		1	1	1	3	3	A	A	G	G		7	True	True	True	True	True	1	1	1	False	False	False
98	1	24.5	71	5	B	0	1.5	0	4	4	1	1	1/16	True	0	7	7	7	7a	4	49/2	False	False				False	20	ii7		G	I		ii7	ii		7			mm7	False	False	(2, -1, 3, 0)	()	2	2	major	major	I	I, major	ii		I	I	False	ii7	ii7, major		ii7, major		ii	ii7	2		1	1	1	3	3	A	A	G	G		7	True	True	True	True	True	4	4	4	False	False	False
99	1	24.75	72	0	C	0	1.75	0	4	4	1	1	1/16	True	0	7	7	7	7a	5	99/4	False	False				False	20	ii7		G	I		ii7	ii		7			mm7	False	False	(2, -1, 3, 0)	()	2	2	major	major	I	I, major	ii		I	I	False	ii7	ii7, major		ii7, major		ii	ii7	2		1	1	1	3	3	A	A	G	G		7	True	True	True	True	True	-1	-1	-1	True	False	False
100	4	25.0	69	3	A	0	2.0	2	4	4	1	1	1/4	True	0	7	7	7	7a	4	25	False	True				False	21	viio6		G	I		viio6	vii	o	6			o	False	False	(2, -1, 5)	()	5	2	major	major	I	I, major	vii		I	I	False	viio6	viio6, major		viio6, major		vii	viio	7		1	1	1	6	3	F#	A	G	G	diminished triad	1	True	True	True	True	True	2	2	2	True	False	True
100	4	25.0	78	6	F	1	2.0	2	4	4	2	1	1/4	True	0	7	7	7	7a	5	25	False	True				False	21	viio6		G	I		viio6	vii	o	6			o	False	False	(2, -1, 5)	()	5	2	major	major	I	I, major	vii		I	I	False	viio6	viio6, major		viio6, major		vii	viio	7		1	1	1	6	3	F#	A	G	G	diminished triad	1	True	True	True	True	True	5	5	5	True	True	False
102	1	25.5	43	1	G	0	2.5	0	4	4	3	1	1/16	True	0	7	7	7	7a	2	51/2	False	False				False	21	viio6		G	I		viio6	vii	o	6			o	False	False	(2, -1, 5)	()	5	2	major	major	I	I, major	vii		I	I	False	viio6	viio6, major		viio6, major		vii	viio	7		1	1	1	6	3	F#	A	G	G	diminished triad	1	True	True	True	True	True	0	0	0	False	False	False
102	1	25.5	43	1	G	0	2.5	0	4	4	4	1	1/16	True	0	7	7	7	7a	2	51/2	False	False				False	21	viio6		G	I		viio6	vii	o	6			o	False	False	(2, -1, 5)	()	5	2	major	major	I	I, major	vii		I	I	False	viio6	viio6, major		viio6, major		vii	viio	7		1	1	1	6	3	F#	A	G	G	diminished triad	1	True	True	True	True	True	0	0	0	False	False	False
103	1	25.75	45	3	A	0	2.75	0	4	4	3	1	1/16	True	0	7	7	7	7a	2	103/4	False	False				False	21	viio6		G	I		viio6	vii	o	6			o	False	False	(2, -1, 5)	()	5	2	major	major	I	I, major	vii		I	I	False	viio6	viio6, major		viio6, major		vii	viio	7		1	1	1	6	3	F#	A	G	G	diminished triad	1	True	True	True	True	True	2	2	2	True	False	True
103	1	25.75	45	3	A	0	2.75	0	4	4	4	1	1/16	True	0	7	7	7	7a	2	103/4	False	False				False	21	viio6		G	I		viio6	vii	o	6			o	False	False	(2, -1, 5)	()	5	2	major	major	I	I, major	vii		I	I	False	viio6	viio6, major		viio6, major		vii	viio	7		1	1	1	6	3	F#	A	G	G	diminished triad	1	True	True	True	True	True	2	2	2	True	False	True
104	2	26.0	47	5	B	0	3.0	3	4	4	3	1	1/8	True	0	7	7	7	7a	2	26	False	True				False	22	I6		G	I		I6	I		6			M	False	False	(4, 1, 0)	()	0	4	major	major	I	I, major	I		I	I	False	I6	I6, major		I6, major		I	I	1		1	1	1	1	5	G	B	G	G	major triad	1	True	True	True	True	True	4	4	4	True	False	True
104	2	26.0	47	5	B	0	3.0	3	4	4	4	1	1/8	True	0	7	7	7	7a	2	26	False	True				False	22	I6		G	I		I6	I		6			M	False	False	(4, 1, 0)	()	0	4	major	major	I	I, major	I		I	I	False	I6	I6, major		I6, major		I	I	1		1	1	1	1	5	G	B	G	G	major triad	1	True	True	True	True	True	4	4	4	True	False	True
104	4	26.0	67	1	G	0	3.0	3	4	4	1	1	1/4	True	0	7	7	7	7a	4	26	False	True				False	22	I6		G	I		I6	I		6			M	False	False	(4, 1, 0)	()	0	4	major	major	I	I, major	I		I	I	False	I6	I6, major		I6, major		I	I	1		1	1	1	1	5	G	B	G	G	major triad	1	True	True	True	True	True	0	0	0	True	True	False
104	2	26.0	79	1	G	0	3.0	3	4	4	2	1	1/8	True	0	7	7	7	7a	5	26	False	True				False	22	I6		G	I		I6	I		6			M	False	False	(4, 1, 0)	()	0	4	major	major	I	I, major	I		I	I	False	I6	I6, major		I6, major		I	I	1		1	1	1	1	5	G	B	G	G	major triad	1	True	True	True	True	True	0	0	0	True	True	False
106	2	26.5	43	1	G	0	3.5	0	4	4	3	1	1/8	True	0	7	7	7	7a	2	53/2	False	True				False	23	I		G	I		I	I					M	False	False	(0, 4, 1)	()	0	0	major	major	I	I, major	I		I	I	False	I	I, major		I, major		I	I	1		1	1	1	1	1	G	G	G	G	major triad	0	True	True	True	True	True	0	0	0	True	True	True
106	2	26.5	43	1	G	0	3.5	0	4	4	4	1	1/8	True	0	7	7	7	7a	2	53/2	False	True				False	23	I		G	I		I	I					M	False	False	(0, 4, 1)	()	0	0	major	major	I	I, major	I		I	I	False	I	I, major		I, major		I	I	1		1	1	1	1	1	G	G	G	G	major triad	0	True	True	True	True	True	0	0	0	True	True	True
106	2	26.5	71	5	B	0	3.5	0	4	4	2	1	1/8	True	0	7	7	7	7a	4	53/2	False	True				False	23	I		G	I		I	I					M	False	False	(0, 4, 1)	()	0	0	major	major	I	I, major	I		I	I	False	I	I, major		I, major		I	I	1		1	1	1	1	1	G	G	G	G	major triad	0	True	True	True	True	True	4	4	4	True	False	False
108	2	27.0	50	2	D	0	4.0	4	4	4	3	1	1/8	True	0	7	7	7	7a	3	27	False	True				False	24	V		G	I		V	V					M	False	False	(1, 5, 2)	()	1	1	major	major	I	I, major	V		I	I	False	V	V, major		V, major		V	V	5		1	1	1	2	2	D	D	G	G	major triad	0	True	True	True	True	True	1	1	1	True	True	True
108	2	27.0	50	2	D	0	4.0	4	4	4	4	1	1/8	True	0	7	7	7	7a	3	27	False	True				False	24	V		G	I		V	V					M	False	False	(1, 5, 2)	()	1	1	major	major	I	I, major	V		I	I	False	V	V, major		V, major		V	V	5		1	1	1	2	2	D	D	G	G	major triad	0	True	True	True	True	True	1	1	1	True	True	True
108	2	27.0	69	3	A	0	4.0	4	4	4	2	1	1/8	True	0	7	7	7	7a	4	27	False	True				False	24	V		G	I		V	V					M	False	False	(1, 5, 2)	()	1	1	major	major	I	I, major	V		I	I	False	V	V, major		V, major		V	V	5		1	1	1	2	2	D	D	G	G	major triad	0	True	True	True	True	True	2	2	2	True	False	False
110	2	27.5	50	2	D	0	4.5	0	4	4	3	1	1/8	True	0	7	7	7	7a	3	55/2	False	False				False	24	V		G	I		V	V					M	False	False	(1, 5, 2)	()	1	1	major	major	I	I, major	V		I	I	False	V	V, major		V, major		V	V	5		1	1	1	2	2	D	D	G	G	major triad	0	True	True	True	True	True	1	1	1	True	True	True
110	2	27.5	50	2	D	0	4.5	0	4	4	4	1	1/8	True	0	7	7	7	7a	3	55/2	False	False				False	24	V		G	I		V	V					M	False	False	(1, 5, 2)	()	1	1	major	major	I	I, major	V		I	I	False	V	V, major		V, major		V	V	5		1	1	1	2	2	D	D	G	G	major triad	0	True	True	True	True	True	1	1	1	True	True	True
110	2	27.5	74	2	D	0	4.5	0	4	4	2	1	1/8	True	0	7	7	7	7a	5	55/2	False	False				False	24	V		G	I		V	V					M	False	False	(1, 5, 2)	()	1	1	major	major	I	I, major	V		I	I	False	V	V, major		V, major		V	V	5		1	1	1	2	2	D	D	G	G	major triad	0	True	True	True	True	True	1	1	1	True	True	True
112	4	28.0	52	4	E	0	1.0	1	4	4	3	1	1/4	True	0	8	8	8	8a	3	28	False	True				False	25	IV6		G	I		IV6	IV		6			M	False	False	(3, 0, -1)	()	-1	3	major	major	I	I, major	IV		I	I	False	IV6	IV6, major		IV6, major		IV	IV	4		1	1	1	0	4	C	E	G	G	major triad	1	True	True	True	True	True	3	3	3	True	False	True
112	4	28.0	52	4	E	0	1.0	1	4	4	4	1	1/4	True	0	8	8	8	8a	3	28	False	True				False	25	IV6		G	I		IV6	IV		6			M	False	False	(3, 0, -1)	()	-1	3	major	major	I	I, major	IV		I	I	False	IV6	IV6, major		IV6, major		IV	IV	4		1	1	1	0	4	C	E	G	G	major triad	1	True	True	True	True	True	3	3	3	True	False	True
112	2	28.0	72	0	C	0	1.0	1	4	4	2	1	1/8	True	0	8	8	8	8a	5	28	False	True				False	25	IV6		G	I		IV6	IV		6			M	False	False	(3, 0, -1)	()	-1	3	major	major	I	I, major	IV		I	I	False	IV6	IV6, major		IV6, major		IV	IV	4		1	1	1	0	4	C	E	G	G	major triad	1	True	True	True	True	True	-1	-1	-1	True	True	False
114	2	28.5	76	4	E	0	1.5	0	4	4	2	1	1/8	True	0	8	8	8	8a	5	57/2	False	False				False	25	IV6		G	I		IV6	IV		6			M	False	False	(3, 0, -1)	()	-1	3	major	major	I	I, major	IV		I	I	False	IV6	IV6, major		IV6, major		IV	IV	4		1	1	1	0	4	C	E	G	G	major triad	1	True	True	True	True	True	3	3	3	True	False	True
116	4	29.0	54	6	F	1	2.0	2	4	4	3	1	1/4	True	0	8	8	8	8a	3	29	False	True				False	26	V6		G	I		V6	V		6			M	False	False	(5, 2, 1)	()	1	5	major	major	I	I, major	V		I	I	False	V6	V6, major		V6, major		V	V	5		1	1	1	2	6	D	F#	G	G	major triad	1	True	True	True	True	True	5	5	5	True	False	True
116	4	29.0	54	6	F	1	2.0	2	4	4	4	1	1/4	True	0	8	8	8	8a	3	29	False	True				False	26	V6		G	I		V6	V		6			M	False	False	(5, 2, 1)	()	1	5	major	major	I	I, major	V		I	I	False	V6	V6, major		V6, major		V	V	5		1	1	1	2	6	D	F#	G	G	major triad	1	True	True	True	True	True	5	5	5	True	False	True
116	2	29.0	74	2	D	0	2.0	2	4	4	2	1	1/8	True	0	8	8	8	8a	5	29	False	True				False	26	V6		G	I		V6	V		6			M	False	False	(5, 2, 1)	()	1	5	major	major	I	I, major	V		I	I	False	V6	V6, major		V6, major		V	V	5		1	1	1	2	6	D	F#	G	G	major triad	1	True	True	True	True	True	1	1	1	True	True	False
118	2	29.5	72	0	C	0	2.5	0	4	4	2	1	1/8	True	0	8	8	8	8a	5	59/2	False	False				False	26	V6		G	I		V6	V		6			M	False	False	(5, 2, 1)	()	1	5	major	major	I	I, major	V		I	I	False	V6	V6, major		V6, major		V	V	5		1	1	1	2	6	D	F#	G	G	major triad	1	True	True	True	True	True	-1	-1	-1	False	False	False
120	4	30.0	55	1	G	0	3.0	3	4	4	3	1	1/4	True	0	8	8	8	8a	3	30	False	True				False	27	I		G	I		I	I					M	False	False	(0, 4, 1)	()	0	0	major	major	I	I, major	I		I	I	False	I	I, major		I, major		I	I	1		1	1	1	1	1	G	G	G	G	major triad	0	True	True	True	True	True	0	0	0	True	True	True
120	4	30.0	55	1	G	0	3.0	3	4	4	4	1	1/4	True	0	8	8	8	8a	3	30	False	True				False	27	I		G	I		I	I					M	False	False	(0, 4, 1)	()	0	0	major	major	I	I, major	I		I	I	False	I	I, major		I, major		I	I	1		1	1	1	1	1	G	G	G	G	major triad	0	True	True	True	True	True	0	0	0	True	True	True
120	2	30.0	71	5	B	0	3.0	3	4	4	2	1	1/8	True	0	8	8	8	8a	4	30	False	True				False	27	I		G	I		I	I					M	False	False	(0, 4, 1)	()	0	0	major	major	I	I, major	I		I	I	False	I	I, major		I, major		I	I	1		1	1	1	1	1	G	G	G	G	major triad	0	True	True	True	True	True	4	4	4	True	False	False
120	8	30.0	74	2	D	0	3.0	3	4	4	1	1	1/2	True	0	8	8	8	8a	5	30	False	True				False	27	I		G	I		I	I					M	False	False	(0, 4, 1)	()	0	0	major	major	I	I, major	I		I	I	False	I	I, major		I, major		I	I	1		1	1	1	1	1	G	G	G	G	major triad	0	True	True	True	True	True	1	1	1	True	False	False
122	2	30.5	67	1	G	0	3.5	0	4	4	2	1	1/8	True	0	8	8	8	8a	4	61/2	False	False				False	27	I		G	I		I	I					M	False	False	(0, 4, 1)	()	0	0	major	major	I	I, major	I		I	I	False	I	I, major		I, major		I	I	1		1	1	1	1	1	G	G	G	G	major triad	0	True	True	True	True	True	0	0	0	True	True	True
124	4	31.0	54	6	F	1	4.0	4	4	4	3	1	1/4	True	0	8	8	8	8a	3	31	False	True				False	28	V6		G	I		V6	V		6			M	False	False	(5, 2, 1)	()	1	5	major	major	I	I, major	V		I	I	False	V6	V6, major		V6, major		V	V	5		1	1	1	2	6	D	F#	G	G	major triad	1	True	True	True	True	True	5	5	5	True	False	True
124	4	31.0	54	6	F	1	4.0	4	4	4	4	1	1/4	True	0	8	8	8	8a	3	31	False	True				False	28	V6		G	I		V6	V		6			M	False	False	(5, 2, 1)	()	1	5	major	major	I	I, major	V		I	I	False	V6	V6, major		V6, major		V	V	5		1	1	1	2	6	D	F#	G	G	major triad	1	True	True	True	True	True	5	5	5	True	False	True
124	4	31.0	74	2	D	0	4.0	4	4	4	2	1	1/4	True	0	8	8	8	8a	5	31	False	True				False	28	V6		G	I		V6	V		6			M	False	False	(5, 2, 1)	()	1	5	major	major	I	I, major	V		I	I	False	V6	V6, major		V6, major		V	V	5		1	1	1	2	6	D	F#	G	G	major triad	1	True	True	True	True	True	1	1	1	True	True	False
128	4	32.0	52	4	E	0	1.0	1	4	4	3	1	1/4	True	0	9	9	9	9a	3	32	False	True				False	29	ii7/V		G	I		ii7/V	ii		7		V	mm7	False	False	(3, 0, 4, 1)	()	3	3	major	major	I	I, major	ii/V	V	V/I	V	False	ii7/V	ii7/V, major		ii7/V, major	V	V	ii7	2	5	1	1	2	4	4	E	E	G	D		7	True	True	True	True	True	3	3	2	True	True	True
128	4	32.0	52	4	E	0	1.0	1	4	4	4	1	1/4	True	0	9	9	9	9a	3	32	False	True				False	29	ii7/V		G	I		ii7/V	ii		7		V	mm7	False	False	(3, 0, 4, 1)	()	3	3	major	major	I	I, major	ii/V	V	V/I	V	False	ii7/V	ii7/V, major		ii7/V, major	V	V	ii7	2	5	1	1	2	4	4	E	E	G	D		7	True	True	True	True	True	3	3	2	True	True	True
128	4	32.0	74	2	D	0	1.0	1	4	4	2	1	1/4	False	0	9	9	9	9a	5	32	False	True				False	29	ii7/V		G	I		ii7/V	ii		7		V	mm7	False	False	(3, 0, 4, 1)	()	3	3	major	major	I	I, major	ii/V	V	V/I	V	False	ii7/V	ii7/V, major		ii7/V, major	V	V	ii7	2	5	1	1	2	4	4	E	E	G	D		7	True	True	True	True	True	1	1	0	True	False	False
128	6	32.0	76	4	E	0	1.0	1	4	4	1	1	3/8	True	0	9	9	9	9a	5	32	False	True				False	29	ii7/V		G	I		ii7/V	ii		7		V	mm7	False	False	(3, 0, 4, 1)	()	3	3	major	major	I	I, major	ii/V	V	V/I	V	False	ii7/V	ii7/V, major		ii7/V, major	V	V	ii7	2	5	1	1	2	4	4	E	E	G	D		7	True	True	True	True	True	3	3	2	True	True	True
132	4	33.0	57	3	A	0	2.0	2	4	4	3	1	1/4	True	0	9	9	9	9a	3	33	False	True				False	30	V/V		G	I		V/V	V				V	M	False	False	(2, 6, 3)	()	2	2	major	major	I	I, major	V/V	V	V/I	V	False	V/V	V/V, major		V/V, major	V	V	V	5	5	1	1	2	3	3	A	A	G	D	major triad	0	True	True	True	True	True	2	2	1	True	True	True
132	4	33.0	57	3	A	0	2.0	2	4	4	4	1	1/4	True	0	9	9	9	9a	3	33	False	True				False	30	V/V		G	I		V/V	V				V	M	False	False	(2, 6, 3)	()	2	2	major	major	I	I, major	V/V	V	V/I	V	False	V/V	V/V, major		V/V, major	V	V	V	5	5	1	1	2	3	3	A	A	G	D	major triad	0	True	True	True	True	True	2	2	1	True	True	True
132	4	33.0	73	7	C	1	2.0	2	4	4	2	1	1/4	True	0	9	9	9	9a	5	33	False	True				False	30	V/V		G	I		V/V	V				V	M	False	False	(2, 6, 3)	()	2	2	major	major	I	I, major	V/V	V	V/I	V	False	V/V	V/V, major		V/V, major	V	V	V	5	5	1	1	2	3	3	A	A	G	D	major triad	0	True	True	True	True	True	6	6	5	True	False	False
134	1	33.5	74	2	D	0	2.5	0	4	4	1	1	1/16	True	0	9	9	9	9a	5	67/2	False	False				False	30	V/V		G	I		V/V	V				V	M	False	False	(2, 6, 3)	()	2	2	major	major	I	I, major	V/V	V	V/I	V	False	V/V	V/V, major		V/V, major	V	V	V	5	5	1	1	2	3	3	A	A	G	D	major triad	0	True	True	True	True	True	1	1	0	False	False	False
135	1	33.75	76	4	E	0	2.75	0	4	4	1	1	1/16	True	0	9	9	9	9a	5	135/4	False	False				False	30	V/V		G	I		V/V	V				V	M	False	False	(2, 6, 3)	()	2	2	major	major	I	I, major	V/V	V	V/I	V	False	V/V	V/V, major		V/V, major	V	V	V	5	5	1	1	2	3	3	A	A	G	D	major triad	0	True	True	True	True	True	3	3	2	True	False	False
136	6	34.0	50	2	D	0	3.0	3	4	4	3	1	3/8	True	0	9	9	9	9a	3	34	False	True				False	31	V		G	I		V	V					M	False	False	(1, 5, 2)	()	1	1	major	major	I	I, major	V		I	I	False	V	V, major		V, major		V	V	5		1	1	1	2	2	D	D	G	G	major triad	0	True	True	True	True	True	1	1	1	True	True	True
136	6	34.0	50	2	D	0	3.0	3	4	4	4	1	3/8	True	0	9	9	9	9a	3	34	False	True				False	31	V		G	I		V	V					M	False	False	(1, 5, 2)	()	1	1	major	major	I	I, major	V		I	I	False	V	V, major		V, major		V	V	5		1	1	1	2	2	D	D	G	G	major triad	0	True	True	True	True	True	1	1	1	True	True	True
136	2	34.0	78	6	F	1	3.0	3	4	4	1	1	1/8	True	0	9	9	9	9a	5	34	False	True				False	31	V		G	I		V	V					M	False	False	(1, 5, 2)	()	1	1	major	major	I	I, major	V		I	I	False	V	V, major		V, major		V	V	5		1	1	1	2	2	D	D	G	G	major triad	0	True	True	True	True	True	5	5	5	True	False	False
138	2	34.5	74	2	D	0	3.5	0	4	4	1	1	1/8	True	0	9	9	9	9a	5	69/2	False	False				False	31	V		G	I		V	V					M	False	False	(1, 5, 2)	()	1	1	major	major	I	I, major	V		I	I	False	V	V, major		V, major		V	V	5		1	1	1	2	2	D	D	G	G	major triad	0	True	True	True	True	True	1	1	1	True	True	True
138	2	34.5	81	3	A	0	3.5	0	4	4	2	1	1/8	True	0	9	9	9	9a	5	69/2	False	False				False	31	V		G	I		V	V					M	False	False	(1, 5, 2)	()	1	1	major	major	I	I, major	V		I	I	False	V	V, major		V, major		V	V	5		1	1	1	2	2	D	D	G	G	major triad	0	True	True	True	True	True	2	2	2	True	False	False
140	2	35.0	78	6	F	1	4.0	4	4	4	2	1	1/8	True	0	9	9	9	9a	5	35	False	False				False	31	V		G	I		V	V					M	False	False	(1, 5, 2)	()	1	1	major	major	I	I, major	V		I	I	False	V	V, major		V, major		V	V	5		1	1	1	2	2	D	D	G	G	major triad	0	True	True	True	True	True	5	5	5	True	False	False
140	2	35.0	81	3	A	0	4.0	4	4	4	1	1	1/8	True	0	9	9	9	9a	5	35	False	False				False	31	V		G	I		V	V					M	False	False	(1, 5, 2)	()	1	1	major	major	I	I, major	V		I	I	False	V	V, major		V, major		V	V	5		1	1	1	2	2	D	D	G	G	major triad	0	True	True	True	True	True	2	2	2	True	False	False
142	2	35.5	54	6	F	1	4.5	0	4	4	3	1	1/8	True	0	9	9	9	9a	3	71/2	False	True				False	32	V6		G	I		V6	V		6			M	False	False	(5, 2, 1)	()	1	5	major	major	I	I, major	V		I	I	False	V6	V6, major		V6, major		V	V	5		1	1	1	2	6	D	F#	G	G	major triad	1	True	True	True	True	True	5	5	5	True	False	True
142	2	35.5	54	6	F	1	4.5	0	4	4	4	1	1/8	True	0	9	9	9	9a	3	71/2	False	True				False	32	V6		G	I		V6	V		6			M	False	False	(5, 2, 1)	()	1	5	major	major	I	I, major	V		I	I	False	V6	V6, major		V6, major		V	V	5		1	1	1	2	6	D	F#	G	G	major triad	1	True	True	True	True	True	5	5	5	True	False	True
142	2	35.5	74	2	D	0	4.5	0	4	4	2	1	1/8	True	0	9	9	9	9a	5	71/2	False	True				False	32	V6		G	I		V6	V		6			M	False	False	(5, 2, 1)	()	1	5	major	major	I	I, major	V		I	I	False	V6	V6, major		V6, major		V	V	5		1	1	1	2	6	D	F#	G	G	major triad	1	True	True	True	True	True	1	1	1	True	True	False
142	2	35.5	81	3	A	0	4.5	0	4	4	1	1	1/8	True	0	9	9	9	9a	5	71/2	False	True				False	32	V6		G	I		V6	V		6			M	False	False	(5, 2, 1)	()	1	5	major	major	I	I, major	V		I	I	False	V6	V6, major		V6, major		V	V	5		1	1	1	2	6	D	F#	G	G	major triad	1	True	True	True	True	True	2	2	2	True	False	False
144	4	36.0	52	4	E	0	1.0	1	4	4	3	1	1/4	True	0	10	10	10	10a	3	36	False	True				False	33	ii7/V		G	I		ii7/V	ii		7		V	mm7	False	False	(3, 0, 4, 1)	()	3	3	major	major	I	I, major	ii/V	V	V/I	V	False	ii7/V	ii7/V, major		ii7/V, major	V	V	ii7	2	5	1	1	2	4	4	E	E	G	D		7	True	True	True	True	True	3	3	2	True	True	True
144	4	36.0	52	4	E	0	1.0	1	4	4	4	1	1/4	True	0	10	10	10	10a	3	36	False	True				False	33	ii7/V		G	I		ii7/V	ii		7		V	mm7	False	False	(3, 0, 4, 1)	()	3	3	major	major	I	I, major	ii/V	V	V/I	V	False	ii7/V	ii7/V, major		ii7/V, major	V	V	ii7	2	5	1	1	2	4	4	E	E	G	D		7	True	True	True	True	True	3	3	2	True	True	True
144	6	36.0	79	1	G	0	1.0	1	4	4	2	1	3/8	True	0	10	10	10	10a	5	36	False	True				False	33	ii7/V		G	I		ii7/V	ii		7		V	mm7	False	False	(3, 0, 4, 1)	()	3	3	major	major	I	I, major	ii/V	V	V/I	V	False	ii7/V	ii7/V, major		ii7/V, major	V	V	ii7	2	5	1	1	2	4	4	E	E	G	D		7	True	True	True	True	True	0	0	-1	True	False	False
144	4	36.0	83	5	B	0	1.0	1	4	4	1	1	1/4	True	0	10	10	10	10a	5	36	False	True				False	33	ii7/V		G	I		ii7/V	ii		7		V	mm7	False	False	(3, 0, 4, 1)	()	3	3	major	major	I	I, major	ii/V	V	V/I	V	False	ii7/V	ii7/V, major		ii7/V, major	V	V	ii7	2	5	1	1	2	4	4	E	E	G	D		7	True	True	True	True	True	4	4	3	True	False	False
148	4	37.0	45	3	A	0	2.0	2	4	4	3	1	1/4	True	0	10	10	10	10a	2	37	False	True				False	34	V7/V		G	I		V7/V	V		7		V	Mm7	False	False	(2, 6, 3, 0)	()	2	2	major	major	I	I, major	V/V	V	V/I	V	False	V7/V	V7/V, major		V7/V, major	V	V	V7	5	5	1	1	2	3	3	A	A	G	D	dominant seventh chord	7	True	True	True	True	True	2	2	1	True	True	True
148	4	37.0	45	3	A	0	2.0	2	4	4	4	1	1/4	True	0	10	10	10	10a	2	37	False	True				False	34	V7/V		G	I		V7/V	V		7		V	Mm7	False	False	(2, 6, 3, 0)	()	2	2	major	major	I	I, major	V/V	V	V/I	V	False	V7/V	V7/V, major		V7/V, major	V	V	V7	5	5	1	1	2	3	3	A	A	G	D	dominant seventh chord	7	True	True	True	True	True	2	2	1	True	True	True
148	4	37.0	85	7	C	1	2.0	2	4	4	1	1	1/4	True	0	10	10	10	10a	6	37	False	True				False	34	V7/V		G	I		V7/V	V		7		V	Mm7	False	False	(2, 6, 3, 0)	()	2	2	major	major	I	I, major	V/V	V	V/I	V	False	V7/V	V7/V, major		V7/V, major	V	V	V7	5	5	1	1	2	3	3	A	A	G	D	dominant seventh chord	7	True	True	True	True	True	6	6	5	True	False	False
150	1	37.5	81	3	A	0	2.5	0	4	4	2	1	1/16	True	0	10	10	10	10a	5	75/2	False	False				False	34	V7/V		G	I		V7/V	V		7		V	Mm7	False	False	(2, 6, 3, 0)	()	2	2	major	major	I	I, major	V/V	V	V/I	V	False	V7/V	V7/V, major		V7/V, major	V	V	V7	5	5	1	1	2	3	3	A	A	G	D	dominant seventh chord	7	True	True	True	True	True	2	2	1	True	True	True
151	1	37.75	79	1	G	0	2.75	0	4	4	2	1	1/16	True	0	10	10	10	10a	5	151/4	False	False				False	34	V7/V		G	I		V7/V	V		7		V	Mm7	False	False	(2, 6, 3, 0)	()	2	2	major	major	I	I, major	V/V	V	V/I	V	False	V7/V	V7/V, major		V7/V, major	V	V	V7	5	5	1	1	2	3	3	A	A	G	D	dominant seventh chord	7	True	True	True	True	True	0	0	-1	True	False	False
152	8	38.0	50	2	D	0	3.0	3	4	4	3	1	1/2	True	0	10	10	10	10a	3	38	False	True	HC	HC	}	True	35	V|HC}		G	I		V	V					M	False	False	(1, 5, 2)	()	1	1	major	major	I	I, major	V		I	I	False	V	V, major		V, major		V	V	5		1	1	1	2	2	D	D	G	G	major triad	0	True	True	True	True	True	1	1	1	True	True	True
152	8	38.0	50	2	D	0	3.0	3	4	4	4	1	1/2	True	0	10	10	10	10a	3	38	False	True	HC	HC	}	True	35	V|HC}		G	I		V	V					M	False	False	(1, 5, 2)	()	1	1	major	major	I	I, major	V		I	I	False	V	V, major		V, major		V	V	5		1	1	1	2	2	D	D	G	G	major triad	0	True	True	True	True	True	1	1	1	True	True	True
152	2	38.0	78	6	F	1	3.0	3	4	4	2	1	1/8	True	0	10	10	10	10a	5	38	False	True	HC	HC	}	True	35	V|HC}		G	I		V	V					M	False	False	(1, 5, 2)	()	1	1	major	major	I	I, major	V		I	I	False	V	V, major		V, major		V	V	5		1	1	1	2	2	D	D	G	G	major triad	0	True	True	True	True	True	5	5	5	True	False	False
152	6	38.0	86	2	D	0	3.0	3	4	4	1	1	3/8	True	0	10	10	10	10a	6	38	False	True	HC	HC	}	True	35	V|HC}		G	I		V	V					M	False	False	(1, 5, 2)	()	1	1	major	major	I	I, major	V		I	I	False	V	V, major		V, major		V	V	5		1	1	1	2	2	D	D	G	G	major triad	0	True	True	True	True	True	1	1	1	True	True	True
154	2	38.5	74	2	D	0	3.5	0	4	4	2	1	1/8	True	0	10	10	10	10a	5	77/2	False	False				False	35	V|HC}		G	I		V	V					M	False	False	(1, 5, 2)	()	1	1	major	major	I	I, major	V		I	I	False	V	V, major		V, major		V	V	5		1	1	1	2	2	D	D	G	G	major triad	0	True	True	True	True	True	1	1	1	True	True	True
156	4	39.0	86	2	D	0	4.0	4	4	4	2	1	1/4	True	0	10	10	10	10a	6	39	False	False				False	35	V|HC}		G	I		V	V					M	False	False	(1, 5, 2)	()	1	1	major	major	I	I, major	V		I	I	False	V	V, major		V, major		V	V	5		1	1	1	2	2	D	D	G	G	major triad	0	True	True	True	True	True	1	1	1	True	True	True
158	2	39.5	74	2	D	0	4.5	0	4	4	1	1	1/8	True	0	10	10	10	10a	5	79/2	False	False				False	35	V|HC}		G	I		V	V					M	False	False	(1, 5, 2)	()	1	1	major	major	I	I, major	V		I	I	False	V	V, major		V, major		V	V	5		1	1	1	2	2	D	D	G	G	major triad	0	True	True	True	True	True	1	1	1	True	True	True
160	2	40.0	76	4	E	0	1.0	1	4	4	1	1	1/8	True	0	11	11	11	11a	5	40	False	False			{	False	36	{		G	I		V	V					M	False	False	()	()	1	1	major	major	I	I, major	V		I	I	False		, major		V, major		V	V	5		1	1	1	2	2	D	D	G	G	None	0	False	True	True	True	True	3	3	3	False	False	False
160	4	40.0	86	2	D	0	1.0	1	4	4	2	1	1/4	False	0	11	11	11	11a	6	40	False	False			{	False	36	{		G	I		V	V					M	False	False	()	()	1	1	major	major	I	I, major	V		I	I	False		, major		V, major		V	V	5		1	1	1	2	2	D	D	G	G	None	0	False	True	True	True	True	1	1	1	False	True	True
162	1	40.5	78	6	F	1	1.5	0	4	4	1	1	1/16	True	0	11	11	11	11a	5	81/2	False	False				False	36	{		G	I		V	V					M	False	False	()	()	1	1	major	major	I	I, major	V		I	I	False		, major		V, major		V	V	5		1	1	1	2	2	D	D	G	G	None	0	False	True	True	True	True	5	5	5	False	False	False
163	1	40.75	79	1	G	0	1.75	0	4	4	1	1	1/16	True	0	11	11	11	11a	5	163/4	False	False				False	36	{		G	I		V	V					M	False	False	()	()	1	1	major	major	I	I, major	V		I	I	False		, major		V, major		V	V	5		1	1	1	2	2	D	D	G	G	None	0	False	True	True	True	True	0	0	0	False	False	False
164	1	41.0	81	3	A	0	2.0	2	4	4	1	1	1/16	True	0	11	11	11	11a	5	41	False	True				False	37	V2		G	I		V2	V		2			Mm7	False	False	(-1, 1, 5, 2)	()	1	-1	major	major	I	I, major	V		I	I	False	V2	V2, major		V2, major		V	V7	5		1	1	1	2	0	D	C	G	G	dominant seventh chord	3	True	True	True	True	True	2	2	2	True	False	False
164	8	41.0	84	0	C	0	2.0	2	4	4	2	1	1/2	True	0	11	11	11	11a	6	41	False	True				False	37	V2		G	I		V2	V		2			Mm7	False	False	(-1, 1, 5, 2)	()	1	-1	major	major	I	I, major	V		I	I	False	V2	V2, major		V2, major		V	V7	5		1	1	1	2	0	D	C	G	G	dominant seventh chord	3	True	True	True	True	True	-1	-1	-1	True	False	True
165	1	41.25	79	1	G	0	2.25	0	4	4	1	1	1/16	True	0	11	11	11	11a	5	165/4	False	False				False	37	V2		G	I		V2	V		2			Mm7	False	False	(-1, 1, 5, 2)	()	1	-1	major	major	I	I, major	V		I	I	False	V2	V2, major		V2, major		V	V7	5		1	1	1	2	0	D	C	G	G	dominant seventh chord	3	True	True	True	True	True	0	0	0	False	False	False
166	1	41.5	78	6	F	1	2.5	0	4	4	1	1	1/16	True	0	11	11	11	11a	5	83/2	False	False				False	37	V2		G	I		V2	V		2			Mm7	False	False	(-1, 1, 5, 2)	()	1	-1	major	major	I	I, major	V		I	I	False	V2	V2, major		V2, major		V	V7	5		1	1	1	2	0	D	C	G	G	dominant seventh chord	3	True	True	True	True	True	5	5	5	True	False	False
167	1	41.75	76	4	E	0	2.75	0	4	4	1	1	1/16	True	0	11	11	11	11a	5	167/4	False	False				False	37	V2		G	I		V2	V		2			Mm7	False	False	(-1, 1, 5, 2)	()	1	-1	major	major	I	I, major	V		I	I	False	V2	V2, major		V2, major		V	V7	5		1	1	1	2	0	D	C	G	G	dominant seventh chord	3	True	True	True	True	True	3	3	3	False	False	False
168	8	42.0	55	1	G	0	3.0	3	4	4	3	1	1/2	True	0	11	11	11	11a	3	42	False	True				False	38	I(4)		G	I		I(4)	I			4		M	False	False	(0, -1, 1)	()	0	0	major	major	I	I, major	I		I	I	False	I	I, major		I(4), major		I	I	1		1	1	1	1	1	G	G	G	G	major triad	0	True	True	True	True	True	0	0	0	True	True	True
168	8	42.0	55	1	G	0	3.0	3	4	4	4	1	1/2	True	0	11	11	11	11a	3	42	False	True				False	38	I(4)		G	I		I(4)	I			4		M	False	False	(0, -1, 1)	()	0	0	major	major	I	I, major	I		I	I	False	I	I, major		I(4), major		I	I	1		1	1	1	1	1	G	G	G	G	major triad	0	True	True	True	True	True	0	0	0	True	True	True
168	2	42.0	74	2	D	0	3.0	3	4	4	1	1	1/8	True	0	11	11	11	11a	5	42	False	True				False	38	I(4)		G	I		I(4)	I			4		M	False	False	(0, -1, 1)	()	0	0	major	major	I	I, major	I		I	I	False	I	I, major		I(4), major		I	I	1		1	1	1	1	1	G	G	G	G	major triad	0	True	True	True	True	True	1	1	1	True	False	False
170	1	42.5	76	4	E	0	3.5	0	4	4	1	1	1/16	True	0	11	11	11	11a	5	85/2	False	False				False	38	I(4)		G	I		I(4)	I			4		M	False	False	(0, -1, 1)	()	0	0	major	major	I	I, major	I		I	I	False	I	I, major		I(4), major		I	I	1		1	1	1	1	1	G	G	G	G	major triad	0	True	True	True	True	True	3	3	3	False	False	False
171	1	42.75	78	6	F	1	3.75	0	4	4	1	1	1/16	True	0	11	11	11	11a	5	171/4	False	False				False	38	I(4)		G	I		I(4)	I			4		M	False	False	(0, -1, 1)	()	0	0	major	major	I	I, major	I		I	I	False	I	I, major		I(4), major		I	I	1		1	1	1	1	1	G	G	G	G	major triad	0	True	True	True	True	True	5	5	5	False	False	False
172	2	43.0	79	1	G	0	4.0	4	4	4	1	1	1/8	True	0	11	11	11	11a	5	43	False	True				False	39	I		G	I		I	I					M	False	False	(0, 4, 1)	()	0	0	major	major	I	I, major	I		I	I	False	I	I, major		I, major		I	I	1		1	1	1	1	1	G	G	G	G	major triad	0	True	True	True	True	True	0	0	0	True	True	True
172	4	43.0	83	5	B	0	4.0	4	4	4	2	1	1/4	True	0	11	11	11	11a	5	43	False	True				False	39	I		G	I		I	I					M	False	False	(0, 4, 1)	()	0	0	major	major	I	I, major	I		I	I	False	I	I, major		I, major		I	I	1		1	1	1	1	1	G	G	G	G	major triad	0	True	True	True	True	True	4	4	4	True	False	False
174	2	43.5	67	1	G	0	4.5	0	4	4	1	1	1/8	True	0	11	11	11	11a	4	87/2	False	False				False	39	I		G	I		I	I					M	False	False	(0, 4, 1)	()	0	0	major	major	I	I, major	I		I	I	False	I	I, major		I, major		I	I	1		1	1	1	1	1	G	G	G	G	major triad	0	True	True	True	True	True	0	0	0	True	True	True
176	6	44.0	57	3	A	0	1.0	1	4	4	3	1	3/8	True	0	12	12	12	12a	3	44	False	True				False	40	ii(9)		G	I		ii(9)	ii			9		m	False	False	(2, -1, 3)	(4,)	2	2	major	major	I	I, major	ii		I	I	False	ii	ii, major		ii(9), major		ii	ii	2		1	1	1	3	3	A	A	G	G	minor triad	0	True	True	True	True	True	2	2	2	True	True	True
176	6	44.0	57	3	A	0	1.0	1	4	4	4	1	3/8	True	0	12	12	12	12a	3	44	False	True				False	40	ii(9)		G	I		ii(9)	ii			9		m	False	False	(2, -1, 3)	(4,)	2	2	major	major	I	I, major	ii		I	I	False	ii	ii, major		ii(9), major		ii	ii	2		1	1	1	3	3	A	A	G	G	minor triad	0	True	True	True	True	True	2	2	2	True	True	True
176	6	44.0	72	0	C	0	1.0	1	4	4	1	1	3/8	True	0	12	12	12	12a	5	44	False	True				False	40	ii(9)		G	I		ii(9)	ii			9		m	False	False	(2, -1, 3)	(4,)	2	2	major	major	I	I, major	ii		I	I	False	ii	ii, major		ii(9), major		ii	ii	2		1	1	1	3	3	A	A	G	G	minor triad	0	True	True	True	True	True	-1	-1	-1	True	False	False
176	4	44.0	83	5	B	0	1.0	1	4	4	2	1	1/4	False	0	12	12	12	12a	5	44	False	True				False	40	ii(9)		G	I		ii(9)	ii			9		m	False	False	(2, -1, 3)	(4,)	2	2	major	major	I	I, major	ii		I	I	False	ii	ii, major		ii(9), major		ii	ii	2		1	1	1	3	3	A	A	G	G	minor triad	0	True	True	True	True	True	4	4	4	False	False	False
180	6	45.0	81	3	A	0	2.0	2	4	4	2	1	3/8	True	0	12	12	12	12a	5	45	False	True				False	41	ii		G	I		ii	ii					m	False	False	(2, -1, 3)	()	2	2	major	major	I	I, major	ii		I	I	False	ii	ii, major		ii, major		ii	ii	2		1	1	1	3	3	A	A	G	G	minor triad	0	True	True	True	True	True	2	2	2	True	True	True
182	1	45.5	55	1	G	0	2.5	0	4	4	3	1	1/16	True	0	12	12	12	12a	3	91/2	False	False				False	41	ii		G	I		ii	ii					m	False	False	(2, -1, 3)	()	2	2	major	major	I	I, major	ii		I	I	False	ii	ii, major		ii, major		ii	ii	2		1	1	1	3	3	A	A	G	G	minor triad	0	True	True	True	True	True	0	0	0	False	False	False
182	1	45.5	55	1	G	0	2.5	0	4	4	4	1	1/16	True	0	12	12	12	12a	3	91/2	False	False				False	41	ii		G	I		ii	ii					m	False	False	(2, -1, 3)	()	2	2	major	major	I	I, major	ii		I	I	False	ii	ii, major		ii, major		ii	ii	2		1	1	1	3	3	A	A	G	G	minor triad	0	True	True	True	True	True	0	0	0	False	False	False
182	1	45.5	71	5	B	0	2.5	0	4	4	1	1	1/16	True	0	12	12	12	12a	4	91/2	False	False				False	41	ii		G	I		ii	ii					m	False	False	(2, -1, 3)	()	2	2	major	major	I	I, major	ii		I	I	False	ii	ii, major		ii, major		ii	ii	2		1	1	1	3	3	A	A	G	G	minor triad	0	True	True	True	True	True	4	4	4	False	False	False
183	1	45.75	57	3	A	0	2.75	0	4	4	3	1	1/16	True	0	12	12	12	12a	3	183/4	False	False				False	41	ii		G	I		ii	ii					m	False	False	(2, -1, 3)	()	2	2	major	major	I	I, major	ii		I	I	False	ii	ii, major		ii, major		ii	ii	2		1	1	1	3	3	A	A	G	G	minor triad	0	True	True	True	True	True	2	2	2	True	True	True
183	1	45.75	57	3	A	0	2.75	0	4	4	4	1	1/16	True	0	12	12	12	12a	3	183/4	False	False				False	41	ii		G	I		ii	ii					m	False	False	(2, -1, 3)	()	2	2	major	major	I	I, major	ii		I	I	False	ii	ii, major		ii, major		ii	ii	2		1	1	1	3	3	A	A	G	G	minor triad	0	True	True	True	True	True	2	2	2	True	True	True
183	1	45.75	72	0	C	0	2.75	0	4	4	1	1	1/16	True	0	12	12	12	12a	5	183/4	False	False				False	41	ii		G	I		ii	ii					m	False	False	(2, -1, 3)	()	2	2	major	major	I	I, major	ii		I	I	False	ii	ii, major		ii, major		ii	ii	2		1	1	1	3	3	A	A	G	G	minor triad	0	True	True	True	True	True	-1	-1	-1	True	False	False
184	6	46.0	59	5	B	0	3.0	3	4	4	3	1	3/8	True	0	12	12	12	12a	3	46	False	True				False	42	I6(2)		G	I		I6(2)	I		6	2		M	False	False	(4, 1, 2)	()	0	4	major	major	I	I, major	I		I	I	False	I6	I6, major		I6(2), major		I	I	1		1	1	1	1	5	G	B	G	G	major triad	1	True	True	True	True	True	4	4	4	True	False	True
184	6	46.0	59	5	B	0	3.0	3	4	4	4	1	3/8	True	0	12	12	12	12a	3	46	False	True				False	42	I6(2)		G	I		I6(2)	I		6	2		M	False	False	(4, 1, 2)	()	0	4	major	major	I	I, major	I		I	I	False	I6	I6, major		I6(2), major		I	I	1		1	1	1	1	5	G	B	G	G	major triad	1	True	True	True	True	True	4	4	4	True	False	True
184	6	46.0	74	2	D	0	3.0	3	4	4	1	1	3/8	True	0	12	12	12	12a	5	46	False	True				False	42	I6(2)		G	I		I6(2)	I		6	2		M	False	False	(4, 1, 2)	()	0	4	major	major	I	I, major	I		I	I	False	I6	I6, major		I6(2), major		I	I	1		1	1	1	1	5	G	B	G	G	major triad	1	True	True	True	True	True	1	1	1	True	False	False
186	2	46.5	74	2	D	0	3.5	0	4	4	2	1	1/8	True	0	12	12	12	12a	5	93/2	False	False				False	42	I6(2)		G	I		I6(2)	I		6	2		M	False	False	(4, 1, 2)	()	0	4	major	major	I	I, major	I		I	I	False	I6	I6, major		I6(2), major		I	I	1		1	1	1	1	5	G	B	G	G	major triad	1	True	True	True	True	True	1	1	1	True	False	False
188	4	47.0	79	1	G	0	4.0	4	4	4	2	1	1/4	True	0	12	12	12	12a	5	47	False	True				False	43	I6		G	I		I6	I		6			M	False	False	(4, 1, 0)	()	0	4	major	major	I	I, major	I		I	I	False	I6	I6, major		I6, major		I	I	1		1	1	1	1	5	G	B	G	G	major triad	1	True	True	True	True	True	0	0	0	True	True	False
190	2	47.5	59	5	B	0	4.5	0	4	4	3	1	1/8	True	0	12	12	12	12a	3	95/2	False	False				False	43	I6		G	I		I6	I		6			M	False	False	(4, 1, 0)	()	0	4	major	major	I	I, major	I		I	I	False	I6	I6, major		I6, major		I	I	1		1	1	1	1	5	G	B	G	G	major triad	1	True	True	True	True	True	4	4	4	True	False	True
190	2	47.5	59	5	B	0	4.5	0	4	4	4	1	1/8	True	0	12	12	12	12a	3	95/2	False	False				False	43	I6		G	I		I6	I		6			M	False	False	(4, 1, 0)	()	0	4	major	major	I	I, major	I		I	I	False	I6	I6, major		I6, major		I	I	1		1	1	1	1	5	G	B	G	G	major triad	1	True	True	True	True	True	4	4	4	True	False	True
190	1	47.5	79	1	G	0	4.5	0	4	4	1	1	1/16	True	0	12	12	12	12a	5	95/2	False	False				False	43	I6		G	I		I6	I		6			M	False	False	(4, 1, 0)	()	0	4	major	major	I	I, major	I		I	I	False	I6	I6, major		I6, major		I	I	1		1	1	1	1	5	G	B	G	G	major triad	1	True	True	True	True	True	0	0	0	True	True	False
191	1	47.75	74	2	D	0	4.75	0	4	4	1	1	1/16	True	0	12	12	12	12a	5	191/4	False	False				False	43	I6		G	I		I6	I		6			M	False	False	(4, 1, 0)	()	0	4	major	major	I	I, major	I		I	I	False	I6	I6, major		I6, major		I	I	1		1	1	1	1	5	G	B	G	G	major triad	1	True	True	True	True	True	1	1	1	True	False	False
192	2	48.0	60	0	C	0	1.0	1	4	4	3	1	1/8	True	0	13	13	13	13a	4	48	False	True				False	44	ii65		G	I		ii65	ii		65			mm7	False	False	(-1, 3, 0, 2)	()	2	-1	major	major	I	I, major	ii		I	I	False	ii65	ii65, major		ii65, major		ii	ii7	2		1	1	1	3	0	A	C	G	G		1	True	True	True	True	True	-1	-1	-1	True	False	True
192	2	48.0	60	0	C	0	1.0	1	4	4	4	1	1/8	True	0	13	13	13	13a	4	48	False	True				False	44	ii65		G	I		ii65	ii		65			mm7	False	False	(-1, 3, 0, 2)	()	2	-1	major	major	I	I, major	ii		I	I	False	ii65	ii65, major		ii65, major		ii	ii7	2		1	1	1	3	0	A	C	G	G		1	True	True	True	True	True	-1	-1	-1	True	False	True
192	2	48.0	76	4	E	0	1.0	1	4	4	1	1	1/8	True	0	13	13	13	13a	5	48	False	True				False	44	ii65		G	I		ii65	ii		65			mm7	False	False	(-1, 3, 0, 2)	()	2	-1	major	major	I	I, major	ii		I	I	False	ii65	ii65, major		ii65, major		ii	ii7	2		1	1	1	3	0	A	C	G	G		1	True	True	True	True	True	3	3	3	True	False	False
192	4	48.0	79	1	G	0	1.0	1	4	4	2	1	1/4	False	0	13	13	13	13a	5	48	False	True				False	44	ii65		G	I		ii65	ii		65			mm7	False	False	(-1, 3, 0, 2)	()	2	-1	major	major	I	I, major	ii		I	I	False	ii65	ii65, major		ii65, major		ii	ii7	2		1	1	1	3	0	A	C	G	G		1	True	True	True	True	True	0	0	0	True	False	False
194	1	48.5	59	5	B	0	1.5	0	4	4	3	1	1/16	True	0	13	13	13	13a	3	97/2	False	False				False	44	ii65		G	I		ii65	ii		65			mm7	False	False	(-1, 3, 0, 2)	()	2	-1	major	major	I	I, major	ii		I	I	False	ii65	ii65, major		ii65, major		ii	ii7	2		1	1	1	3	0	A	C	G	G		1	True	True	True	True	True	4	4	4	False	False	False
194	1	48.5	59	5	B	0	1.5	0	4	4	4	1	1/16	True	0	13	13	13	13a	3	97/2	False	False				False	44	ii65		G	I		ii65	ii		65			mm7	False	False	(-1, 3, 0, 2)	()	2	-1	major	major	I	I, major	ii		I	I	False	ii65	ii65, major		ii65, major		ii	ii7	2		1	1	1	3	0	A	C	G	G		1	True	True	True	True	True	4	4	4	False	False	False
194	2	48.5	74	2	D	0	1.5	0	4	4	1	1	1/8	True	0	13	13	13	13a	5	97/2	False	False				False	44	ii65		G	I		ii65	ii		65			mm7	False	False	(-1, 3, 0, 2)	()	2	-1	major	major	I	I, major	ii		I	I	False	ii65	ii65, major		ii65, major		ii	ii7	2		1	1	1	3	0	A	C	G	G		1	True	True	True	True	True	1	1	1	False	False	False
195	1	48.75	60	0	C	0	1.75	0	4	4	3	1	1/16	True	0	13	13	13	13a	4	195/4	False	False				False	44	ii65		G	I		ii65	ii		65			mm7	False	False	(-1, 3, 0, 2)	()	2	-1	major	major	I	I, major	ii		I	I	False	ii65	ii65, major		ii65, major		ii	ii7	2		1	1	1	3	0	A	C	G	G		1	True	True	True	True	True	-1	-1	-1	True	False	True
195	1	48.75	60	0	C	0	1.75	0	4	4	4	1	1/16	True	0	13	13	13	13a	4	195/4	False	False				False	44	ii65		G	I		ii65	ii		65			mm7	False	False	(-1, 3, 0, 2)	()	2	-1	major	major	I	I, major	ii		I	I	False	ii65	ii65, major		ii65, major		ii	ii7	2		1	1	1	3	0	A	C	G	G		1	True	True	True	True	True	-1	-1	-1	True	False	True
196	2	49.0	62	2	D	0	2.0	2	4	4	3	1	1/8	True	0	13	13	13	13a	4	49	False	True				False	45	V7		G	I		V7	V		7			Mm7	False	False	(1, 5, 2, -1)	()	1	1	major	major	I	I, major	V		I	I	False	V7	V7, major		V7, major		V	V7	5		1	1	1	2	2	D	D	G	G	dominant seventh chord	7	True	True	True	True	True	1	1	1	True	True	True
196	2	49.0	62	2	D	0	2.0	2	4	4	4	1	1/8	True	0	13	13	13	13a	4	49	False	True				False	45	V7		G	I		V7	V		7			Mm7	False	False	(1, 5, 2, -1)	()	1	1	major	major	I	I, major	V		I	I	False	V7	V7, major		V7, major		V	V7	5		1	1	1	2	2	D	D	G	G	dominant seventh chord	7	True	True	True	True	True	1	1	1	True	True	True
196	4	49.0	72	0	C	0	2.0	2	4	4	1	1	1/4	True	0	13	13	13	13a	5	49	False	True				False	45	V7		G	I		V7	V		7			Mm7	False	False	(1, 5, 2, -1)	()	1	1	major	major	I	I, major	V		I	I	False	V7	V7, major		V7, major		V	V7	5		1	1	1	2	2	D	D	G	G	dominant seventh chord	7	True	True	True	True	True	-1	-1	-1	True	False	False
196	4	49.0	78	6	F	1	2.0	2	4	4	2	1	1/4	True	0	13	13	13	13a	5	49	False	True				False	45	V7		G	I		V7	V		7			Mm7	False	False	(1, 5, 2, -1)	()	1	1	major	major	I	I, major	V		I	I	False	V7	V7, major		V7, major		V	V7	5		1	1	1	2	2	D	D	G	G	dominant seventh chord	7	True	True	True	True	True	5	5	5	True	False	False
198	2	49.5	50	2	D	0	2.5	0	4	4	3	1	1/8	True	0	13	13	13	13a	3	99/2	False	False				False	45	V7		G	I		V7	V		7			Mm7	False	False	(1, 5, 2, -1)	()	1	1	major	major	I	I, major	V		I	I	False	V7	V7, major		V7, major		V	V7	5		1	1	1	2	2	D	D	G	G	dominant seventh chord	7	True	True	True	True	True	1	1	1	True	True	True
198	2	49.5	50	2	D	0	2.5	0	4	4	4	1	1/8	True	0	13	13	13	13a	3	99/2	False	False				False	45	V7		G	I		V7	V		7			Mm7	False	False	(1, 5, 2, -1)	()	1	1	major	major	I	I, major	V		I	I	False	V7	V7, major		V7, major		V	V7	5		1	1	1	2	2	D	D	G	G	dominant seventh chord	7	True	True	True	True	True	1	1	1	True	True	True
200	2	50.0	55	1	G	0	3.0	3	4	4	3	1	1/8	True	0	13	13	13	13a	3	50	False	True				False	46	I		G	I		I	I					M	False	False	(0, 4, 1)	()	0	0	major	major	I	I, major	I		I	I	False	I	I, major		I, major		I	I	1		1	1	1	1	1	G	G	G	G	major triad	0	True	True	True	True	True	0	0	0	True	True	True
200	2	50.0	55	1	G	0	3.0	3	4	4	4	1	1/8	True	0	13	13	13	13a	3	50	False	True				False	46	I		G	I		I	I					M	False	False	(0, 4, 1)	()	0	0	major	major	I	I, major	I		I	I	False	I	I, major		I, major		I	I	1		1	1	1	1	1	G	G	G	G	major triad	0	True	True	True	True	True	0	0	0	True	True	True
200	6	50.0	71	5	B	0	3.0	3	4	4	1	1	3/8	True	0	13	13	13	13a	4	50	False	True				False	46	I		G	I		I	I					M	False	False	(0, 4, 1)	()	0	0	major	major	I	I, major	I		I	I	False	I	I, major		I, major		I	I	1		1	1	1	1	1	G	G	G	G	major triad	0	True	True	True	True	True	4	4	4	True	False	False
200	4	50.0	79	1	G	0	3.0	3	4	4	2	1	1/4	True	0	13	13	13	13a	5	50	False	True				False	46	I		G	I		I	I					M	False	False	(0, 4, 1)	()	0	0	major	major	I	I, major	I		I	I	False	I	I, major		I, major		I	I	1		1	1	1	1	1	G	G	G	G	major triad	0	True	True	True	True	True	0	0	0	True	True	True
202	2	50.5	57	3	A	0	3.5	0	4	4	3	1	1/8	True	0	13	13	13	13a	3	101/2	False	False				False	46	I		G	I		I	I					M	False	False	(0, 4, 1)	()	0	0	major	major	I	I, major	I		I	I	False	I	I, major		I, major		I	I	1		1	1	1	1	1	G	G	G	G	major triad	0	True	True	True	True	True	2	2	2	False	False	False
202	2	50.5	57	3	A	0	3.5	0	4	4	4	1	1/8	True	0	13	13	13	13a	3	101/2	False	False				False	46	I		G	I		I	I					M	False	False	(0, 4, 1)	()	0	0	major	major	I	I, major	I		I	I	False	I	I, major		I, major		I	I	1		1	1	1	1	1	G	G	G	G	major triad	0	True	True	True	True	True	2	2	2	False	False	False
204	2	51.0	59	5	B	0	4.0	4	4	4	3	1	1/8	True	0	13	13	13	13a	3	51	False	True				False	47	I6		G	I		I6	I		6			M	False	False	(4, 1, 0)	()	0	4	major	major	I	I, major	I		I	I	False	I6	I6, major		I6, major		I	I	1		1	1	1	1	5	G	B	G	G	major triad	1	True	True	True	True	True	4	4	4	True	False	True
204	2	51.0	59	5	B	0	4.0	4	4	4	4	1	1/8	True	0	13	13	13	13a	3	51	False	True				False	47	I6		G	I		I6	I		6			M	False	False	(4, 1, 0)	()	0	4	major	major	I	I, major	I		I	I	False	I6	I6, major		I6, major		I	I	1		1	1	1	1	5	G	B	G	G	major triad	1	True	True	True	True	True	4	4	4	True	False	True
204	4	51.0	74	2	D	0	4.0	4	4	4	2	1	1/4	True	0	13	13	13	13a	5	51	False	True				False	47	I6		G	I		I6	I		6			M	False	False	(4, 1, 0)	()	0	4	major	major	I	I, major	I		I	I	False	I6	I6, major		I6, major		I	I	1		1	1	1	1	5	G	B	G	G	major triad	1	True	True	True	True	True	1	1	1	True	False	False
206	2	51.5	47	5	B	0	4.5	0	4	4	3	1	1/8	True	0	13	13	13	13a	2	103/2	False	False				False	47	I6		G	I		I6	I		6			M	False	False	(4, 1, 0)	()	0	4	major	major	I	I, major	I		I	I	False	I6	I6, major		I6, major		I	I	1		1	1	1	1	5	G	B	G	G	major triad	1	True	True	True	True	True	4	4	4	True	False	True
206	2	51.5	47	5	B	0	4.5	0	4	4	4	1	1/8	True	0	13	13	13	13a	2	103/2	False	False				False	47	I6		G	I		I6	I		6			M	False	False	(4, 1, 0)	()	0	4	major	major	I	I, major	I		I	I	False	I6	I6, major		I6, major		I	I	1		1	1	1	1	5	G	B	G	G	major triad	1	True	True	True	True	True	4	4	4	True	False	True
206	2	51.5	62	2	D	0	4.5	0	4	4	1	1	1/8	True	0	13	13	13	13a	4	103/2	False	False				False	47	I6		G	I		I6	I		6			M	False	False	(4, 1, 0)	()	0	4	major	major	I	I, major	I		I	I	False	I6	I6, major		I6, major		I	I	1		1	1	1	1	5	G	B	G	G	major triad	1	True	True	True	True	True	1	1	1	True	False	False
208	2	52.0	48	0	C	0	1.0	1	4	4	3	1	1/8	True	0	14	14	14	14a	3	52	False	True				False	48	IV(9)		G	I		IV(9)	IV			9		M	False	False	(-1, 3, 0)	(1,)	-1	-1	major	major	I	I, major	IV		I	I	False	IV	IV, major		IV(9), major		IV	IV	4		1	1	1	0	0	C	C	G	G	major triad	0	True	True	True	True	True	-1	-1	-1	True	True	True
208	6	52.0	48	0	C	0	1.0	1	4	4	4	1	3/8	True	0	14	14	14	14a	3	52	False	True				False	48	IV(9)		G	I		IV(9)	IV			9		M	False	False	(-1, 3, 0)	(1,)	-1	-1	major	major	I	I, major	IV		I	I	False	IV	IV, major		IV(9), major		IV	IV	4		1	1	1	0	0	C	C	G	G	major triad	0	True	True	True	True	True	-1	-1	-1	True	True	True
208	6	52.0	64	4	E	0	1.0	1	4	4	1	1	3/8	True	0	14	14	14	14a	4	52	False	True				False	48	IV(9)		G	I		IV(9)	IV			9		M	False	False	(-1, 3, 0)	(1,)	-1	-1	major	major	I	I, major	IV		I	I	False	IV	IV, major		IV(9), major		IV	IV	4		1	1	1	0	0	C	C	G	G	major triad	0	True	True	True	True	True	3	3	3	True	False	False
208	2	52.0	74	2	D	0	1.0	1	4	4	2	1	1/8	False	0	14	14	14	14a	5	52	False	True				False	48	IV(9)		G	I		IV(9)	IV			9		M	False	False	(-1, 3, 0)	(1,)	-1	-1	major	major	I	I, major	IV		I	I	False	IV	IV, major		IV(9), major		IV	IV	4		1	1	1	0	0	C	C	G	G	major triad	0	True	True	True	True	True	1	1	1	False	False	False
210	2	52.5	50	2	D	0	1.5	0	4	4	3	1	1/8	True	0	14	14	14	14a	3	105/2	False	False				False	48	IV(9)		G	I		IV(9)	IV			9		M	False	False	(-1, 3, 0)	(1,)	-1	-1	major	major	I	I, major	IV		I	I	False	IV	IV, major		IV(9), major		IV	IV	4		1	1	1	0	0	C	C	G	G	major triad	0	True	True	True	True	True	1	1	1	False	False	False
210	2	52.5	67	1	G	0	1.5	0	4	4	2	1	1/8	True	0	14	14	14	14a	4	105/2	False	False				False	48	IV(9)		G	I		IV(9)	IV			9		M	False	False	(-1, 3, 0)	(1,)	-1	-1	major	major	I	I, major	IV		I	I	False	IV	IV, major		IV(9), major		IV	IV	4		1	1	1	0	0	C	C	G	G	major triad	0	True	True	True	True	True	0	0	0	True	False	False
212	2	53.0	52	4	E	0	2.0	2	4	4	3	1	1/8	True	0	14	14	14	14a	3	53	False	True				False	49	IV		G	I		IV	IV					M	False	False	(-1, 3, 0)	()	-1	-1	major	major	I	I, major	IV		I	I	False	IV	IV, major		IV, major		IV	IV	4		1	1	1	0	0	C	C	G	G	major triad	0	True	True	True	True	True	3	3	3	True	False	False
212	8	53.0	72	0	C	0	2.0	2	4	4	2	1	1/2	True	0	14	14	14	14a	5	53	False	True				False	49	IV		G	I		IV	IV					M	False	False	(-1, 3, 0)	()	-1	-1	major	major	I	I, major	IV		I	I	False	IV	IV, major		IV, major		IV	IV	4		1	1	1	0	0	C	C	G	G	major triad	0	True	True	True	True	True	-1	-1	-1	True	True	True
214	2	53.5	48	0	C	0	2.5	0	4	4	3	1	1/8	True	0	14	14	14	14a	3	107/2	False	False				False	49	IV		G	I		IV	IV					M	False	False	(-1, 3, 0)	()	-1	-1	major	major	I	I, major	IV		I	I	False	IV	IV, major		IV, major		IV	IV	4		1	1	1	0	0	C	C	G	G	major triad	0	True	True	True	True	True	-1	-1	-1	True	True	True
214	2	53.5	48	0	C	0	2.5	0	4	4	4	1	1/8	True	0	14	14	14	14a	3	107/2	False	False				False	49	IV		G	I		IV	IV					M	False	False	(-1, 3, 0)	()	-1	-1	major	major	I	I, major	IV		I	I	False	IV	IV, major		IV, major		IV	IV	4		1	1	1	0	0	C	C	G	G	major triad	0	True	True	True	True	True	-1	-1	-1	True	True	True
214	1	53.5	62	2	D	0	2.5	0	4	4	1	1	1/16	True	0	14	14	14	14a	4	107/2	False	False				False	49	IV		G	I		IV	IV					M	False	False	(-1, 3, 0)	()	-1	-1	major	major	I	I, major	IV		I	I	False	IV	IV, major		IV, major		IV	IV	4		1	1	1	0	0	C	C	G	G	major triad	0	True	True	True	True	True	1	1	1	False	False	False
215	1	53.75	64	4	E	0	2.75	0	4	4	1	1	1/16	True	0	14	14	14	14a	4	215/4	False	False				False	49	IV		G	I		IV	IV					M	False	False	(-1, 3, 0)	()	-1	-1	major	major	I	I, major	IV		I	I	False	IV	IV, major		IV, major		IV	IV	4		1	1	1	0	0	C	C	G	G	major triad	0	True	True	True	True	True	3	3	3	True	False	False
216	2	54.0	50	2	D	0	3.0	3	4	4	3	1	1/8	True	0	14	14	14	14a	3	54	False	True				False	50	V7		G	I		V7	V		7			Mm7	False	False	(1, 5, 2, -1)	()	1	1	major	major	I	I, major	V		I	I	False	V7	V7, major		V7, major		V	V7	5		1	1	1	2	2	D	D	G	G	dominant seventh chord	7	True	True	True	True	True	1	1	1	True	True	True
216	2	54.0	50	2	D	0	3.0	3	4	4	4	1	1/8	True	0	14	14	14	14a	3	54	False	True				False	50	V7		G	I		V7	V		7			Mm7	False	False	(1, 5, 2, -1)	()	1	1	major	major	I	I, major	V		I	I	False	V7	V7, major		V7, major		V	V7	5		1	1	1	2	2	D	D	G	G	dominant seventh chord	7	True	True	True	True	True	1	1	1	True	True	True
216	2	54.0	66	6	F	1	3.0	3	4	4	1	1	1/8	True	0	14	14	14	14a	4	54	False	True				False	50	V7		G	I		V7	V		7			Mm7	False	False	(1, 5, 2, -1)	()	1	1	major	major	I	I, major	V		I	I	False	V7	V7, major		V7, major		V	V7	5		1	1	1	2	2	D	D	G	G	dominant seventh chord	7	True	True	True	True	True	5	5	5	True	False	False
218	2	54.5	50	2	D	0	3.5	0	4	4	3	1	1/8	True	0	14	14	14	14a	3	109/2	False	False				False	50	V7		G	I		V7	V		7			Mm7	False	False	(1, 5, 2, -1)	()	1	1	major	major	I	I, major	V		I	I	False	V7	V7, major		V7, major		V	V7	5		1	1	1	2	2	D	D	G	G	dominant seventh chord	7	True	True	True	True	True	1	1	1	True	True	True
218	2	54.5	50	2	D	0	3.5	0	4	4	4	1	1/8	True	0	14	14	14	14a	3	109/2	False	False				False	50	V7		G	I		V7	V		7			Mm7	False	False	(1, 5, 2, -1)	()	1	1	major	major	I	I, major	V		I	I	False	V7	V7, major		V7, major		V	V7	5		1	1	1	2	2	D	D	G	G	dominant seventh chord	7	True	True	True	True	True	1	1	1	True	True	True
218	2	54.5	62	2	D	0	3.5	0	4	4	1	1	1/8	True	0	14	14	14	14a	4	109/2	False	False				False	50	V7		G	I		V7	V		7			Mm7	False	False	(1, 5, 2, -1)	()	1	1	major	major	I	I, major	V		I	I	False	V7	V7, major		V7, major		V	V7	5		1	1	1	2	2	D	D	G	G	dominant seventh chord	7	True	True	True	True	True	1	1	1	True	True	True
220	2	55.0	52	4	E	0	4.0	4	4	4	3	1	1/8	True	0	14	14	14	14a	3	55	False	True				False	51	vi		G	I		vi	vi					m	False	False	(3, 0, 4)	()	3	3	major	major	I	I, major	vi		I	I	False	vi	vi, major		vi, major		vi	vi	6		1	1	1	4	4	E	E	G	G	minor triad	0	True	True	True	True	True	3	3	3	True	True	True
220	2	55.0	52	4	E	0	4.0	4	4	4	4	1	1/8	True	0	14	14	14	14a	3	55	False	True				False	51	vi		G	I		vi	vi					m	False	False	(3, 0, 4)	()	3	3	major	major	I	I, major	vi		I	I	False	vi	vi, major		vi, major		vi	vi	6		1	1	1	4	4	E	E	G	G	minor triad	0	True	True	True	True	True	3	3	3	True	True	True
220	4	55.0	67	1	G	0	4.0	4	4	4	1	1	1/4	True	0	14	14	14	14a	4	55	False	True				False	51	vi		G	I		vi	vi					m	False	False	(3, 0, 4)	()	3	3	major	major	I	I, major	vi		I	I	False	vi	vi, major		vi, major		vi	vi	6		1	1	1	4	4	E	E	G	G	minor triad	0	True	True	True	True	True	0	0	0	True	False	False
220	4	55.0	71	5	B	0	4.0	4	4	4	2	1	1/4	True	0	14	14	14	14a	4	55	False	True				False	51	vi		G	I		vi	vi					m	False	False	(3, 0, 4)	()	3	3	major	major	I	I, major	vi		I	I	False	vi	vi, major		vi, major		vi	vi	6		1	1	1	4	4	E	E	G	G	minor triad	0	True	True	True	True	True	4	4	4	True	False	False
222	2	55.5	47	5	B	0	4.5	0	4	4	3	1	1/8	True	0	14	14	14	14a	2	111/2	False	True				False	52	I6		G	I		I6	I		6			M	False	False	(4, 1, 0)	()	0	4	major	major	I	I, major	I		I	I	False	I6	I6, major		I6, major		I	I	1		1	1	1	1	5	G	B	G	G	major triad	1	True	True	True	True	True	4	4	4	True	False	True
222	2	55.5	47	5	B	0	4.5	0	4	4	4	1	1/8	True	0	14	14	14	14a	2	111/2	False	True				False	52	I6		G	I		I6	I		6			M	False	False	(4, 1, 0)	()	0	4	major	major	I	I, major	I		I	I	False	I6	I6, major		I6, major		I	I	1		1	1	1	1	5	G	B	G	G	major triad	1	True	True	True	True	True	4	4	4	True	False	True
224	2	56.0	48	0	C	0	1.0	1	4	4	3	1	1/8	True	0	15	15	15	15a	3	56	False	True				False	53	ii65		G	I		ii65	ii		65			mm7	False	False	(-1, 3, 0, 2)	()	2	-1	major	major	I	I, major	ii		I	I	False	ii65	ii65, major		ii65, major		ii	ii7	2		1	1	1	3	0	A	C	G	G		1	True	True	True	True	True	-1	-1	-1	True	False	True
224	2	56.0	48	0	C	0	1.0	1	4	4	4	1	1/8	True	0	15	15	15	15a	3	56	False	True				False	53	ii65		G	I		ii65	ii		65			mm7	False	False	(-1, 3, 0, 2)	()	2	-1	major	major	I	I, major	ii		I	I	False	ii65	ii65, major		ii65, major		ii	ii7	2		1	1	1	3	0	A	C	G	G		1	True	True	True	True	True	-1	-1	-1	True	False	True
224	4	56.0	67	1	G	0	1.0	1	4	4	1	1	1/4	False	0	15	15	15	15a	4	56	False	True				False	53	ii65		G	I		ii65	ii		65			mm7	False	False	(-1, 3, 0, 2)	()	2	-1	major	major	I	I, major	ii		I	I	False	ii65	ii65, major		ii65, major		ii	ii7	2		1	1	1	3	0	A	C	G	G		1	True	True	True	True	True	0	0	0	True	False	False
224	8	56.0	69	3	A	0	1.0	1	4	4	2	1	1/2	True	0	15	15	15	15a	4	56	False	True				False	53	ii65		G	I		ii65	ii		65			mm7	False	False	(-1, 3, 0, 2)	()	2	-1	major	major	I	I, major	ii		I	I	False	ii65	ii65, major		ii65, major		ii	ii7	2		1	1	1	3	0	A	C	G	G		1	True	True	True	True	True	2	2	2	True	True	False
226	2	56.5	45	3	A	0	1.5	0	4	4	3	1	1/8	True	0	15	15	15	15a	2	113/2	False	False				False	53	ii65		G	I		ii65	ii		65			mm7	False	False	(-1, 3, 0, 2)	()	2	-1	major	major	I	I, major	ii		I	I	False	ii65	ii65, major		ii65, major		ii	ii7	2		1	1	1	3	0	A	C	G	G		1	True	True	True	True	True	2	2	2	True	True	False
226	2	56.5	45	3	A	0	1.5	0	4	4	4	1	1/8	True	0	15	15	15	15a	2	113/2	False	False				False	53	ii65		G	I		ii65	ii		65			mm7	False	False	(-1, 3, 0, 2)	()	2	-1	major	major	I	I, major	ii		I	I	False	ii65	ii65, major		ii65, major		ii	ii7	2		1	1	1	3	0	A	C	G	G		1	True	True	True	True	True	2	2	2	True	True	False
228	2	57.0	50	2	D	0	2.0	2	4	4	3	1	1/8	True	0	15	15	15	15a	3	57	False	True				False	54	V		G	I		V	V					M	False	False	(1, 5, 2)	()	1	1	major	major	I	I, major	V		I	I	False	V	V, major		V, major		V	V	5		1	1	1	2	2	D	D	G	G	major triad	0	True	True	True	True	True	1	1	1	True	True	True
228	2	57.0	50	2	D	0	2.0	2	4	4	4	1	1/8	True	0	15	15	15	15a	3	57	False	True				False	54	V		G	I		V	V					M	False	False	(1, 5, 2)	()	1	1	major	major	I	I, major	V		I	I	False	V	V, major		V, major		V	V	5		1	1	1	2	2	D	D	G	G	major triad	0	True	True	True	True	True	1	1	1	True	True	True
228	4	57.0	66	6	F	1	2.0	2	4	4	1	1	1/4	True	0	15	15	15	15a	4	57	False	True				False	54	V		G	I		V	V					M	False	False	(1, 5, 2)	()	1	1	major	major	I	I, major	V		I	I	False	V	V, major		V, major		V	V	5		1	1	1	2	2	D	D	G	G	major triad	0	True	True	True	True	True	5	5	5	True	False	False
230	2	57.5	38	2	D	0	2.5	0	4	4	3	1	1/8	True	0	15	15	15	15a	2	115/2	False	False				False	54	V		G	I		V	V					M	False	False	(1, 5, 2)	()	1	1	major	major	I	I, major	V		I	I	False	V	V, major		V, major		V	V	5		1	1	1	2	2	D	D	G	G	major triad	0	True	True	True	True	True	1	1	1	True	True	True
230	2	57.5	38	2	D	0	2.5	0	4	4	4	1	1/8	True	0	15	15	15	15a	2	115/2	False	False				False	54	V		G	I		V	V					M	False	False	(1, 5, 2)	()	1	1	major	major	I	I, major	V		I	I	False	V	V, major		V, major		V	V	5		1	1	1	2	2	D	D	G	G	major triad	0	True	True	True	True	True	1	1	1	True	True	True
232	4	58.0	43	1	G	0	3.0	3	4	4	3	1	1/4	True	0	15	15	15	15a	2	58	False	True	PAC	PAC	}{	True	55	I|PAC}{		G	I		I	I					M	False	False	(0, 4, 1)	()	0	0	major	major	I	I, major	I		I	I	False	I	I, major		I, major		I	I	1		1	1	1	1	1	G	G	G	G	major triad	0	True	True	True	True	True	0	0	0	True	True	True
232	4	58.0	43	1	G	0	3.0	3	4	4	4	1	1/4	True	0	15	15	15	15a	2	58	False	True	PAC	PAC	}{	True	55	I|PAC}{		G	I		I	I					M	False	False	(0, 4, 1)	()	0	0	major	major	I	I, major	I		I	I	False	I	I, major		I, major		I	I	1		1	1	1	1	1	G	G	G	G	major triad	0	True	True	True	True	True	0	0	0	True	True	True
232	4	58.0	67	1	G	0	3.0	3	4	4	2	1	1/4	True	0	15	15	15	15a	4	58	False	True	PAC	PAC	}{	True	55	I|PAC}{		G	I		I	I					M	False	False	(0, 4, 1)	()	0	0	major	major	I	I, major	I		I	I	False	I	I, major		I, major		I	I	1		1	1	1	1	1	G	G	G	G	major triad	0	True	True	True	True	True	0	0	0	True	True	True
234	2	58.5	74	2	D	0	3.5	0	4	4	1	1	1/8	True	0	15	15	15	15a	5	117/2	False	False				False	55	I|PAC}{		G	I		I	I					M	False	False	(0, 4, 1)	()	0	0	major	major	I	I, major	I		I	I	False	I	I, major		I, major		I	I	1		1	1	1	1	1	G	G	G	G	major triad	0	True	True	True	True	True	1	1	1	True	False	False
236	2	59.0	71	5	B	0	4.0	4	4	4	1	1	1/8	True	0	15	15	15	15a	4	59	False	False				False	55	I|PAC}{		G	I		I	I					M	False	False	(0, 4, 1)	()	0	0	major	major	I	I, major	I		I	I	False	I	I, major		I, major		I	I	1		1	1	1	1	1	G	G	G	G	major triad	0	True	True	True	True	True	4	4	4	True	False	False
238	2	59.5	67	1	G	0	4.5	0	4	4	1	1	1/8	True	0	15	15	15	15a	4	119/2	False	False				False	55	I|PAC}{		G	I		I	I					M	False	False	(0, 4, 1)	()	0	0	major	major	I	I, major	I		I	I	False	I	I, major		I, major		I	I	1		1	1	1	1	1	G	G	G	G	major triad	0	True	True	True	True	True	0	0	0	True	True	True
240	2	60.0	64	4	E	0	1.0	1	4	4	1	1	1/8	True	0	16	16	16	16a	4	60	False	True				False	56	vi		G	I		vi	vi					m	False	False	(3, 0, 4)	()	3	3	major	major	I	I, major	vi		I	I	False	vi	vi, major		vi, major		vi	vi	6		1	1	1	4	4	E	E	G	G	minor triad	0	True	True	True	True	True	3	3	3	True	True	True
242	2	60.5	76	4	E	0	1.5	0	4	4	1	1	1/8	True	0	16	16	16	16a	5	121/2	False	False				False	56	vi		G	I		vi	vi					m	False	False	(3, 0, 4)	()	3	3	major	major	I	I, major	vi		I	I	False	vi	vi, major		vi, major		vi	vi	6		1	1	1	4	4	E	E	G	G	minor triad	0	True	True	True	True	True	3	3	3	True	True	True
244	1	61.0	72	0	C	0	2.0	2	4	4	1	1	1/16	True	0	16	16	16	16a	5	61	False	True				False	57	IV	ii6	G	I		IV	IV					M	False	False	(-1, 3, 0)	()	-1	-1	major	major	I	I, major	IV		I	I	False	IV	IV, major		IV, major		IV	IV	4		1	1	1	0	0	C	C	G	G	major triad	0	True	True	True	True	True	-1	-1	-1	True	True	True
245	1	61.25	71	5	B	0	2.25	0	4	4	1	1	1/16	True	0	16	16	16	16a	4	245/4	False	False				False	57	IV	ii6	G	I		IV	IV					M	False	False	(-1, 3, 0)	()	-1	-1	major	major	I	I, major	IV		I	I	False	IV	IV, major		IV, major		IV	IV	4		1	1	1	0	0	C	C	G	G	major triad	0	True	True	True	True	True	4	4	4	False	False	False
246	1	61.5	69	3	A	0	2.5	0	4	4	1	1	1/16	True	0	16	16	16	16a	4	123/2	False	False				False	57	IV	ii6	G	I		IV	IV					M	False	False	(-1, 3, 0)	()	-1	-1	major	major	I	I, major	IV		I	I	False	IV	IV, major		IV, major		IV	IV	4		1	1	1	0	0	C	C	G	G	major triad	0	True	True	True	True	True	2	2	2	False	False	False
247	1	61.75	67	1	G	0	2.75	0	4	4	1	1	1/16	True	0	16	16	16	16a	4	247/4	False	False				False	57	IV	ii6	G	I		IV	IV					M	False	False	(-1, 3, 0)	()	-1	-1	major	major	I	I, major	IV		I	I	False	IV	IV, major		IV, major		IV	IV	4		1	1	1	0	0	C	C	G	G	major triad	0	True	True	True	True	True	0	0	0	True	False	False
248	2	62.0	66	6	F	1	3.0	3	4	4	1	1	1/8	True	0	16	16	16	16a	4	62	False	True				False	58	viio	V6	G	I		viio	vii	o				o	False	False	(5, 2, -1)	()	5	5	major	major	I	I, major	vii		I	I	False	viio	viio, major		viio, major		vii	viio	7		1	1	1	6	6	F#	F#	G	G	diminished triad	0	True	True	True	True	True	5	5	5	True	True	True
250	2	62.5	74	2	D	0	3.5	0	4	4	2	1	1/8	True	0	16	16	16	16a	5	125/2	False	False				False	58	viio	V6	G	I		viio	vii	o				o	False	False	(5, 2, -1)	()	5	5	major	major	I	I, major	vii		I	I	False	viio	viio, major		viio, major		vii	viio	7		1	1	1	6	6	F#	F#	G	G	diminished triad	0	True	True	True	True	True	1	1	1	False	False	False
250	2	62.5	78	6	F	1	3.5	0	4	4	1	1	1/8	True	0	16	16	16	16a	5	125/2	False	False				False	58	viio	V6	G	I		viio	vii	o				o	False	False	(5, 2, -1)	()	5	5	major	major	I	I, major	vii		I	I	False	viio	viio, major		viio, major		vii	viio	7		1	1	1	6	6	F#	F#	G	G	diminished triad	0	True	True	True	True	True	5	5	5	True	True	True
252	2	63.0	71	5	B	0	4.0	4	4	4	2	1	1/8	True	0	16	16	16	16a	4	63	False	True				False	59	I6		G	I		I6	I		6			M	False	False	(4, 1, 0)	()	0	4	major	major	I	I, major	I		I	I	False	I6	I6, major		I6, major		I	I	1		1	1	1	1	5	G	B	G	G	major triad	1	True	True	True	True	True	4	4	4	True	False	True
252	2	63.0	74	2	D	0	4.0	4	4	4	1	1	1/8	True	0	16	16	16	16a	5	63	False	True				False	59	I6		G	I		I6	I		6			M	False	False	(4, 1, 0)	()	0	4	major	major	I	I, major	I		I	I	False	I6	I6, major		I6, major		I	I	1		1	1	1	1	5	G	B	G	G	major triad	1	True	True	True	True	True	1	1	1	True	False	False
254	2	63.5	67	1	G	0	4.5	0	4	4	2	1	1/8	True	0	16	16	16	16a	4	127/2	False	False				False	59	I6		G	I		I6	I		6			M	False	False	(4, 1, 0)	()	0	4	major	major	I	I, major	I		I	I	False	I6	I6, major		I6, major		I	I	1		1	1	1	1	5	G	B	G	G	major triad	1	True	True	True	True	True	0	0	0	True	True	False
254	2	63.5	71	5	B	0	4.5	0	4	4	1	1	1/8	True	0	16	16	16	16a	4	127/2	False	False				False	59	I6		G	I		I6	I		6			M	False	False	(4, 1, 0)	()	0	4	major	major	I	I, major	I		I	I	False	I6	I6, major		I6, major		I	I	1		1	1	1	1	5	G	B	G	G	major triad	1	True	True	True	True	True	4	4	4	True	False	True
256	2	64.0	64	4	E	0	1.0	1	4	4	2	1	1/8	True	0	17	17	17	17a	4	64	False	True				False	60	vi		G	I		vi	vi					m	False	False	(3, 0, 4)	()	3	3	major	major	I	I, major	vi		I	I	False	vi	vi, major		vi, major		vi	vi	6		1	1	1	4	4	E	E	G	G	minor triad	0	True	True	True	True	True	3	3	3	True	True	True
256	2	64.0	67	1	G	0	1.0	1	4	4	1	1	1/8	True	0	17	17	17	17a	4	64	False	True				False	60	vi		G	I		vi	vi					m	False	False	(3, 0, 4)	()	3	3	major	major	I	I, major	vi		I	I	False	vi	vi, major		vi, major		vi	vi	6		1	1	1	4	4	E	E	G	G	minor triad	0	True	True	True	True	True	0	0	0	True	False	False
258	2	64.5	76	4	E	0	1.5	0	4	4	2	1	1/8	True	0	17	17	17	17a	5	129/2	False	False				False	60	vi		G	I		vi	vi					m	False	False	(3, 0, 4)	()	3	3	major	major	I	I, major	vi		I	I	False	vi	vi, major		vi, major		vi	vi	6		1	1	1	4	4	E	E	G	G	minor triad	0	True	True	True	True	True	3	3	3	True	True	True
258	2	64.5	79	1	G	0	1.5	0	4	4	1	1	1/8	True	0	17	17	17	17a	5	129/2	False	False				False	60	vi		G	I		vi	vi					m	False	False	(3, 0, 4)	()	3	3	major	major	I	I, major	vi		I	I	False	vi	vi, major		vi, major		vi	vi	6		1	1	1	4	4	E	E	G	G	minor triad	0	True	True	True	True	True	0	0	0	True	False	False
260	1	65.0	72	0	C	0	2.0	2	4	4	2	1	1/16	True	0	17	17	17	17a	5	65	False	True				False	61	ii6		G	I		ii6	ii		6			m	False	False	(-1, 3, 2)	()	2	-1	major	major	I	I, major	ii		I	I	False	ii6	ii6, major		ii6, major		ii	ii	2		1	1	1	3	0	A	C	G	G	minor triad	1	True	True	True	True	True	-1	-1	-1	True	False	True
260	1	65.0	76	4	E	0	2.0	2	4	4	1	1	1/16	True	0	17	17	17	17a	5	65	False	True				False	61	ii6		G	I		ii6	ii		6			m	False	False	(-1, 3, 2)	()	2	-1	major	major	I	I, major	ii		I	I	False	ii6	ii6, major		ii6, major		ii	ii	2		1	1	1	3	0	A	C	G	G	minor triad	1	True	True	True	True	True	3	3	3	True	False	False
261	1	65.25	71	5	B	0	2.25	0	4	4	2	1	1/16	True	0	17	17	17	17a	4	261/4	False	False				False	61	ii6		G	I		ii6	ii		6			m	False	False	(-1, 3, 2)	()	2	-1	major	major	I	I, major	ii		I	I	False	ii6	ii6, major		ii6, major		ii	ii	2		1	1	1	3	0	A	C	G	G	minor triad	1	True	True	True	True	True	4	4	4	False	False	False
261	1	65.25	74	2	D	0	2.25	0	4	4	1	1	1/16	True	0	17	17	17	17a	5	261/4	False	False				False	61	ii6		G	I		ii6	ii		6			m	False	False	(-1, 3, 2)	()	2	-1	major	major	I	I, major	ii		I	I	False	ii6	ii6, major		ii6, major		ii	ii	2		1	1	1	3	0	A	C	G	G	minor triad	1	True	True	True	True	True	1	1	1	False	False	False
262	1	65.5	69	3	A	0	2.5	0	4	4	2	1	1/16	True	0	17	17	17	17a	4	131/2	False	False				False	61	ii6		G	I		ii6	ii		6			m	False	False	(-1, 3, 2)	()	2	-1	major	major	I	I, major	ii		I	I	False	ii6	ii6, major		ii6, major		ii	ii	2		1	1	1	3	0	A	C	G	G	minor triad	1	True	True	True	True	True	2	2	2	True	True	False
262	1	65.5	72	0	C	0	2.5	0	4	4	1	1	1/16	True	0	17	17	17	17a	5	131/2	False	False				False	61	ii6		G	I		ii6	ii		6			m	False	False	(-1, 3, 2)	()	2	-1	major	major	I	I, major	ii		I	I	False	ii6	ii6, major		ii6, major		ii	ii	2		1	1	1	3	0	A	C	G	G	minor triad	1	True	True	True	True	True	-1	-1	-1	True	False	True
263	1	65.75	67	1	G	0	2.75	0	4	4	2	1	1/16	True	0	17	17	17	17a	4	263/4	False	False				False	61	ii6		G	I		ii6	ii		6			m	False	False	(-1, 3, 2)	()	2	-1	major	major	I	I, major	ii		I	I	False	ii6	ii6, major		ii6, major		ii	ii	2		1	1	1	3	0	A	C	G	G	minor triad	1	True	True	True	True	True	0	0	0	False	False	False
263	1	65.75	71	5	B	0	2.75	0	4	4	1	1	1/16	True	0	17	17	17	17a	4	263/4	False	False				False	61	ii6		G	I		ii6	ii		6			m	False	False	(-1, 3, 2)	()	2	-1	major	major	I	I, major	ii		I	I	False	ii6	ii6, major		ii6, major		ii	ii	2		1	1	1	3	0	A	C	G	G	minor triad	1	True	True	True	True	True	4	4	4	False	False	False
264	8	66.0	50	2	D	0	3.0	3	4	4	3	1	1/2	True	0	17	17	17	17a	3	66	False	True				False	62	V		G	I		V	V					M	False	False	(1, 5, 2)	()	1	1	major	major	I	I, major	V		I	I	False	V	V, major		V, major		V	V	5		1	1	1	2	2	D	D	G	G	major triad	0	True	True	True	True	True	1	1	1	True	True	True
264	8	66.0	50	2	D	0	3.0	3	4	4	4	1	1/2	True	0	17	17	17	17a	3	66	False	True				False	62	V		G	I		V	V					M	False	False	(1, 5, 2)	()	1	1	major	major	I	I, major	V		I	I	False	V	V, major		V, major		V	V	5		1	1	1	2	2	D	D	G	G	major triad	0	True	True	True	True	True	1	1	1	True	True	True
264	2	66.0	66	6	F	1	3.0	3	4	4	2	1	1/8	True	0	17	17	17	17a	4	66	False	True				False	62	V		G	I		V	V					M	False	False	(1, 5, 2)	()	1	1	major	major	I	I, major	V		I	I	False	V	V, major		V, major		V	V	5		1	1	1	2	2	D	D	G	G	major triad	0	True	True	True	True	True	5	5	5	True	False	False
264	2	66.0	69	3	A	0	3.0	3	4	4	1	1	1/8	True	0	17	17	17	17a	4	66	False	True				False	62	V		G	I		V	V					M	False	False	(1, 5, 2)	()	1	1	major	major	I	I, major	V		I	I	False	V	V, major		V, major		V	V	5		1	1	1	2	2	D	D	G	G	major triad	0	True	True	True	True	True	2	2	2	True	False	False
266	2	66.5	78	6	F	1	3.5	0	4	4	2	1	1/8	True	0	17	17	17	17a	5	133/2	False	False				False	62	V		G	I		V	V					M	False	False	(1, 5, 2)	()	1	1	major	major	I	I, major	V		I	I	False	V	V, major		V, major		V	V	5		1	1	1	2	2	D	D	G	G	major triad	0	True	True	True	True	True	5	5	5	True	False	False
266	2	66.5	81	3	A	0	3.5	0	4	4	1	1	1/8	True	0	17	17	17	17a	5	133/2	False	False				False	62	V		G	I		V	V					M	False	False	(1, 5, 2)	()	1	1	major	major	I	I, major	V		I	I	False	V	V, major		V, major		V	V	5		1	1	1	2	2	D	D	G	G	major triad	0	True	True	True	True	True	2	2	2	True	False	False
268	2	67.0	74	2	D	0	4.0	4	4	4	2	1	1/8	True	0	17	17	17	17a	5	67	False	True				False	63	iii6		G	I		iii6	iii		6			m	False	False	(1, 5, 4)	()	4	1	major	major	I	I, major	iii		I	I	False	iii6	iii6, major		iii6, major		iii	iii	3		1	1	1	5	2	B	D	G	G	minor triad	1	True	True	True	True	True	1	1	1	True	False	True
268	2	67.0	78	6	F	1	4.0	4	4	4	1	1	1/8	True	0	17	17	17	17a	5	67	False	True				False	63	iii6		G	I		iii6	iii		6			m	False	False	(1, 5, 4)	()	4	1	major	major	I	I, major	iii		I	I	False	iii6	iii6, major		iii6, major		iii	iii	3		1	1	1	5	2	B	D	G	G	minor triad	1	True	True	True	True	True	5	5	5	True	False	False
270	2	67.5	71	5	B	0	4.5	0	4	4	2	1	1/8	True	0	17	17	17	17a	4	135/2	False	False				False	63	iii6		G	I		iii6	iii		6			m	False	False	(1, 5, 4)	()	4	1	major	major	I	I, major	iii		I	I	False	iii6	iii6, major		iii6, major		iii	iii	3		1	1	1	5	2	B	D	G	G	minor triad	1	True	True	True	True	True	4	4	4	True	True	False
270	2	67.5	74	2	D	0	4.5	0	4	4	1	1	1/8	True	0	17	17	17	17a	5	135/2	False	False				False	63	iii6		G	I		iii6	iii		6			m	False	False	(1, 5, 4)	()	4	1	major	major	I	I, major	iii		I	I	False	iii6	iii6, major		iii6, major		iii	iii	3		1	1	1	5	2	B	D	G	G	minor triad	1	True	True	True	True	True	1	1	1	True	False	True
272	6	68.0	52	4	E	0	1.0	1	4	4	3	1	3/8	True	0	18	18	18	18a	3	68	False	True				False	64	vi		G	I		vi	vi					m	False	False	(3, 0, 4)	()	3	3	major	major	I	I, major	vi		I	I	False	vi	vi, major		vi, major		vi	vi	6		1	1	1	4	4	E	E	G	G	minor triad	0	True	True	True	True	True	3	3	3	True	True	True
272	6	68.0	52	4	E	0	1.0	1	4	4	4	1	3/8	True	0	18	18	18	18a	3	68	False	True				False	64	vi		G	I		vi	vi					m	False	False	(3, 0, 4)	()	3	3	major	major	I	I, major	vi		I	I	False	vi	vi, major		vi, major		vi	vi	6		1	1	1	4	4	E	E	G	G	minor triad	0	True	True	True	True	True	3	3	3	True	True	True
272	2	68.0	67	1	G	0	1.0	1	4	4	2	1	1/8	True	0	18	18	18	18a	4	68	False	True				False	64	vi		G	I		vi	vi					m	False	False	(3, 0, 4)	()	3	3	major	major	I	I, major	vi		I	I	False	vi	vi, major		vi, major		vi	vi	6		1	1	1	4	4	E	E	G	G	minor triad	0	True	True	True	True	True	0	0	0	True	False	False
272	4	68.0	71	5	B	0	1.0	1	4	4	1	1	1/4	True	0	18	18	18	18a	4	68	False	True				False	64	vi		G	I		vi	vi					m	False	False	(3, 0, 4)	()	3	3	major	major	I	I, major	vi		I	I	False	vi	vi, major		vi, major		vi	vi	6		1	1	1	4	4	E	E	G	G	minor triad	0	True	True	True	True	True	4	4	4	True	False	False
274	1	68.5	69	3	A	0	1.5	0	4	4	2	1	1/16	True	0	18	18	18	18a	4	137/2	False	False				False	64	vi		G	I		vi	vi					m	False	False	(3, 0, 4)	()	3	3	major	major	I	I, major	vi		I	I	False	vi	vi, major		vi, major		vi	vi	6		1	1	1	4	4	E	E	G	G	minor triad	0	True	True	True	True	True	2	2	2	False	False	False
275	1	68.75	71	5	B	0	1.75	0	4	4	2	1	1/16	True	0	18	18	18	18a	4	275/4	False	False				False	64	vi		G	I		vi	vi					m	False	False	(3, 0, 4)	()	3	3	major	major	I	I, major	vi		I	I	False	vi	vi, major		vi, major		vi	vi	6		1	1	1	4	4	E	E	G	G	minor triad	0	True	True	True	True	True	4	4	4	True	False	False
276	6	69.0	72	0	C	0	2.0	2	4	4	2	1	3/8	True	0	18	18	18	18a	5	69	False	True				False	65	IV6		G	I		IV6	IV		6			M	False	False	(3, 0, -1)	()	-1	3	major	major	I	I, major	IV		I	I	False	IV6	IV6, major		IV6, major		IV	IV	4		1	1	1	0	4	C	E	G	G	major triad	1	True	True	True	True	True	-1	-1	-1	True	True	False
278	1	69.5	50	2	D	0	2.5	0	4	4	3	1	1/16	True	0	18	18	18	18a	3	139/2	False	False				False	65	IV6		G	I		IV6	IV		6			M	False	False	(3, 0, -1)	()	-1	3	major	major	I	I, major	IV		I	I	False	IV6	IV6, major		IV6, major		IV	IV	4		1	1	1	0	4	C	E	G	G	major triad	1	True	True	True	True	True	1	1	1	False	False	False
278	1	69.5	50	2	D	0	2.5	0	4	4	4	1	1/16	True	0	18	18	18	18a	3	139/2	False	False				False	65	IV6		G	I		IV6	IV		6			M	False	False	(3, 0, -1)	()	-1	3	major	major	I	I, major	IV		I	I	False	IV6	IV6, major		IV6, major		IV	IV	4		1	1	1	0	4	C	E	G	G	major triad	1	True	True	True	True	True	1	1	1	False	False	False
278	2	69.5	76	4	E	0	2.5	0	4	4	1	1	1/8	True	0	18	18	18	18a	5	139/2	False	False				False	65	IV6		G	I		IV6	IV		6			M	False	False	(3, 0, -1)	()	-1	3	major	major	I	I, major	IV		I	I	False	IV6	IV6, major		IV6, major		IV	IV	4		1	1	1	0	4	C	E	G	G	major triad	1	True	True	True	True	True	3	3	3	True	False	True
279	1	69.75	52	4	E	0	2.75	0	4	4	3	1	1/16	True	0	18	18	18	18a	3	279/4	False	False				False	65	IV6		G	I		IV6	IV		6			M	False	False	(3, 0, -1)	()	-1	3	major	major	I	I, major	IV		I	I	False	IV6	IV6, major		IV6, major		IV	IV	4		1	1	1	0	4	C	E	G	G	major triad	1	True	True	True	True	True	3	3	3	True	False	True
279	1	69.75	52	4	E	0	2.75	0	4	4	4	1	1/16	True	0	18	18	18	18a	3	279/4	False	False				False	65	IV6		G	I		IV6	IV		6			M	False	False	(3, 0, -1)	()	-1	3	major	major	I	I, major	IV		I	I	False	IV6	IV6, major		IV6, major		IV	IV	4		1	1	1	0	4	C	E	G	G	major triad	1	True	True	True	True	True	3	3	3	True	False	True
280	2	70.0	54	6	F	1	3.0	3	4	4	3	1	1/8	True	0	18	18	18	18a	3	70	False	True				False	66	V65		G	I		V65	V		65			Mm7	False	False	(5, 2, -1, 1)	()	1	5	major	major	I	I, major	V		I	I	False	V65	V65, major		V65, major		V	V7	5		1	1	1	2	6	D	F#	G	G	dominant seventh chord	1	True	True	True	True	True	5	5	5	True	False	True
280	2	70.0	54	6	F	1	3.0	3	4	4	4	1	1/8	True	0	18	18	18	18a	3	70	False	True				False	66	V65		G	I		V65	V		65			Mm7	False	False	(5, 2, -1, 1)	()	1	5	major	major	I	I, major	V		I	I	False	V65	V65, major		V65, major		V	V7	5		1	1	1	2	6	D	F#	G	G	dominant seventh chord	1	True	True	True	True	True	5	5	5	True	False	True
280	6	70.0	74	2	D	0	3.0	3	4	4	1	1	3/8	True	0	18	18	18	18a	5	70	False	True				False	66	V65		G	I		V65	V		65			Mm7	False	False	(5, 2, -1, 1)	()	1	5	major	major	I	I, major	V		I	I	False	V65	V65, major		V65, major		V	V7	5		1	1	1	2	6	D	F#	G	G	dominant seventh chord	1	True	True	True	True	True	1	1	1	True	True	False
282	2	70.5	50	2	D	0	3.5	0	4	4	3	1	1/8	True	0	18	18	18	18a	3	141/2	False	False				False	66	V65		G	I		V65	V		65			Mm7	False	False	(5, 2, -1, 1)	()	1	5	major	major	I	I, major	V		I	I	False	V65	V65, major		V65, major		V	V7	5		1	1	1	2	6	D	F#	G	G	dominant seventh chord	1	True	True	True	True	True	1	1	1	True	True	False
282	2	70.5	50	2	D	0	3.5	0	4	4	4	1	1/8	True	0	18	18	18	18a	3	141/2	False	False				False	66	V65		G	I		V65	V		65			Mm7	False	False	(5, 2, -1, 1)	()	1	5	major	major	I	I, major	V		I	I	False	V65	V65, major		V65, major		V	V7	5		1	1	1	2	6	D	F#	G	G	dominant seventh chord	1	True	True	True	True	True	1	1	1	True	True	False
282	1	70.5	71	5	B	0	3.5	0	4	4	2	1	1/16	True	0	18	18	18	18a	4	141/2	False	False				False	66	V65		G	I		V65	V		65			Mm7	False	False	(5, 2, -1, 1)	()	1	5	major	major	I	I, major	V		I	I	False	V65	V65, major		V65, major		V	V7	5		1	1	1	2	6	D	F#	G	G	dominant seventh chord	1	True	True	True	True	True	4	4	4	False	False	False
283	1	70.75	69	3	A	0	3.75	0	4	4	2	1	1/16	True	0	18	18	18	18a	4	283/4	False	False				False	66	V65		G	I		V65	V		65			Mm7	False	False	(5, 2, -1, 1)	()	1	5	major	major	I	I, major	V		I	I	False	V65	V65, major		V65, major		V	V7	5		1	1	1	2	6	D	F#	G	G	dominant seventh chord	1	True	True	True	True	True	2	2	2	True	False	False
284	2	71.0	55	1	G	0	4.0	4	4	4	3	1	1/8	True	0	18	18	18	18a	3	71	False	True				False	67	I		G	I		I	I					M	False	False	(0, 4, 1)	()	0	0	major	major	I	I, major	I		I	I	False	I	I, major		I, major		I	I	1		1	1	1	1	1	G	G	G	G	major triad	0	True	True	True	True	True	0	0	0	True	True	True
284	2	71.0	55	1	G	0	4.0	4	4	4	4	1	1/8	True	0	18	18	18	18a	3	71	False	True				False	67	I		G	I		I	I					M	False	False	(0, 4, 1)	()	0	0	major	major	I	I, major	I		I	I	False	I	I, major		I, major		I	I	1		1	1	1	1	1	G	G	G	G	major triad	0	True	True	True	True	True	0	0	0	True	True	True
284	2	71.0	71	5	B	0	4.0	4	4	4	2	1	1/8	True	0	18	18	18	18a	4	71	False	True				False	67	I		G	I		I	I					M	False	False	(0, 4, 1)	()	0	0	major	major	I	I, major	I		I	I	False	I	I, major		I, major		I	I	1		1	1	1	1	1	G	G	G	G	major triad	0	True	True	True	True	True	4	4	4	True	False	False
286	2	71.5	55	1	G	0	4.5	0	4	4	3	1	1/8	True	0	18	18	18	18a	3	143/2	False	False				False	67	I		G	I		I	I					M	False	False	(0, 4, 1)	()	0	0	major	major	I	I, major	I		I	I	False	I	I, major		I, major		I	I	1		1	1	1	1	1	G	G	G	G	major triad	0	True	True	True	True	True	0	0	0	True	True	True
286	2	71.5	55	1	G	0	4.5	0	4	4	4	1	1/8	True	0	18	18	18	18a	3	143/2	False	False				False	67	I		G	I		I	I					M	False	False	(0, 4, 1)	()	0	0	major	major	I	I, major	I		I	I	False	I	I, major		I, major		I	I	1		1	1	1	1	1	G	G	G	G	major triad	0	True	True	True	True	True	0	0	0	True	True	True
286	1	71.5	72	0	C	0	4.5	0	4	4	2	1	1/16	True	0	18	18	18	18a	5	143/2	False	False				False	67	I		G	I		I	I					M	False	False	(0, 4, 1)	()	0	0	major	major	I	I, major	I		I	I	False	I	I, major		I, major		I	I	1		1	1	1	1	1	G	G	G	G	major triad	0	True	True	True	True	True	-1	-1	-1	False	False	False
286	1	71.5	76	4	E	0	4.5	0	4	4	1	1	1/16	True	0	18	18	18	18a	5	143/2	False	False				False	67	I		G	I		I	I					M	False	False	(0, 4, 1)	()	0	0	major	major	I	I, major	I		I	I	False	I	I, major		I, major		I	I	1		1	1	1	1	1	G	G	G	G	major triad	0	True	True	True	True	True	3	3	3	False	False	False
287	1	71.75	71	5	B	0	4.75	0	4	4	2	1	1/16	True	0	18	18	18	18a	4	287/4	False	False				False	67	I		G	I		I	I					M	False	False	(0, 4, 1)	()	0	0	major	major	I	I, major	I		I	I	False	I	I, major		I, major		I	I	1		1	1	1	1	1	G	G	G	G	major triad	0	True	True	True	True	True	4	4	4	True	False	False
287	1	71.75	74	2	D	0	4.75	0	4	4	1	1	1/16	True	0	18	18	18	18a	5	287/4	False	False				False	67	I		G	I		I	I					M	False	False	(0, 4, 1)	()	0	0	major	major	I	I, major	I		I	I	False	I	I, major		I, major		I	I	1		1	1	1	1	1	G	G	G	G	major triad	0	True	True	True	True	True	1	1	1	True	False	False
288	4	72.0	55	1	G	0	1.0	1	4	4	3	1	1/4	True	0	19	19	19	19a	3	72	False	True				False	68	viio(2)		G	I		viio(2)	vii	o		2		o	False	False	(0, 2, -1)	()	5	0	major	major	I	I, major	vii		I	I	False	viio	viio, major		viio(2), major		vii	viio	7		1	1	1	6	1	F#	G	G	G	diminished triad	0	True	True	True	True	True	0	0	0	True	False	True
288	4	72.0	55	1	G	0	1.0	1	4	4	4	1	1/4	True	0	19	19	19	19a	3	72	False	True				False	68	viio(2)		G	I		viio(2)	vii	o		2		o	False	False	(0, 2, -1)	()	5	0	major	major	I	I, major	vii		I	I	False	viio	viio, major		viio(2), major		vii	viio	7		1	1	1	6	1	F#	G	G	G	diminished triad	0	True	True	True	True	True	0	0	0	True	False	True
288	4	72.0	69	3	A	0	1.0	1	4	4	2	1	1/4	True	0	19	19	19	19a	4	72	False	True				False	68	viio(2)		G	I		viio(2)	vii	o		2		o	False	False	(0, 2, -1)	()	5	0	major	major	I	I, major	vii		I	I	False	viio	viio, major		viio(2), major		vii	viio	7		1	1	1	6	1	F#	G	G	G	diminished triad	0	True	True	True	True	True	2	2	2	True	False	False
288	6	72.0	72	0	C	0	1.0	1	4	4	1	1	3/8	True	0	19	19	19	19a	5	72	False	True				False	68	viio(2)		G	I		viio(2)	vii	o		2		o	False	False	(0, 2, -1)	()	5	0	major	major	I	I, major	vii		I	I	False	viio	viio, major		viio(2), major		vii	viio	7		1	1	1	6	1	F#	G	G	G	diminished triad	0	True	True	True	True	True	-1	-1	-1	True	False	False
292	4	73.0	54	6	F	1	2.0	2	4	4	3	1	1/4	True	0	19	19	19	19a	3	73	False	True				False	69	viio		G	I		viio	vii	o				o	False	False	(5, 2, -1)	()	5	5	major	major	I	I, major	vii		I	I	False	viio	viio, major		viio, major		vii	viio	7		1	1	1	6	6	F#	F#	G	G	diminished triad	0	True	True	True	True	True	5	5	5	True	True	True
292	4	73.0	54	6	F	1	2.0	2	4	4	4	1	1/4	True	0	19	19	19	19a	3	73	False	True				False	69	viio		G	I		viio	vii	o				o	False	False	(5, 2, -1)	()	5	5	major	major	I	I, major	vii		I	I	False	viio	viio, major		viio, major		vii	viio	7		1	1	1	6	6	F#	F#	G	G	diminished triad	0	True	True	True	True	True	5	5	5	True	True	True
292	4	73.0	81	3	A	0	2.0	2	4	4	2	1	1/4	True	0	19	19	19	19a	5	73	False	True				False	69	viio		G	I		viio	vii	o				o	False	False	(5, 2, -1)	()	5	5	major	major	I	I, major	vii		I	I	False	viio	viio, major		viio, major		vii	viio	7		1	1	1	6	6	F#	F#	G	G	diminished triad	0	True	True	True	True	True	2	2	2	True	False	False
294	1	73.5	74	2	D	0	2.5	0	4	4	1	1	1/16	True	0	19	19	19	19a	5	147/2	False	False				False	69	viio		G	I		viio	vii	o				o	False	False	(5, 2, -1)	()	5	5	major	major	I	I, major	vii		I	I	False	viio	viio, major		viio, major		vii	viio	7		1	1	1	6	6	F#	F#	G	G	diminished triad	0	True	True	True	True	True	1	1	1	False	False	False
295	1	73.75	72	0	C	0	2.75	0	4	4	1	1	1/16	True	0	19	19	19	19a	5	295/4	False	False				False	69	viio		G	I		viio	vii	o				o	False	False	(5, 2, -1)	()	5	5	major	major	I	I, major	vii		I	I	False	viio	viio, major		viio, major		vii	viio	7		1	1	1	6	6	F#	F#	G	G	diminished triad	0	True	True	True	True	True	-1	-1	-1	True	False	False
296	2	74.0	55	1	G	0	3.0	3	4	4	3	1	1/8	True	0	19	19	19	19a	3	74	False	True				False	70	I(9)		G	I		I(9)	I			9		M	False	False	(0, 4, 1)	(2,)	0	0	major	major	I	I, major	I		I	I	False	I	I, major		I(9), major		I	I	1		1	1	1	1	1	G	G	G	G	major triad	0	True	True	True	True	True	0	0	0	True	True	True
296	2	74.0	55	1	G	0	3.0	3	4	4	4	1	1/8	True	0	19	19	19	19a	3	74	False	True				False	70	I(9)		G	I		I(9)	I			9		M	False	False	(0, 4, 1)	(2,)	0	0	major	major	I	I, major	I		I	I	False	I	I, major		I(9), major		I	I	1		1	1	1	1	1	G	G	G	G	major triad	0	True	True	True	True	True	0	0	0	True	True	True
296	6	74.0	71	5	B	0	3.0	3	4	4	1	1	3/8	True	0	19	19	19	19a	4	74	False	True				False	70	I(9)		G	I		I(9)	I			9		M	False	False	(0, 4, 1)	(2,)	0	0	major	major	I	I, major	I		I	I	False	I	I, major		I(9), major		I	I	1		1	1	1	1	1	G	G	G	G	major triad	0	True	True	True	True	True	4	4	4	True	False	False
296	2	74.0	81	3	A	0	3.0	3	4	4	2	1	1/8	True	0	19	19	19	19a	5	74	False	True				False	70	I(9)		G	I		I(9)	I			9		M	False	False	(0, 4, 1)	(2,)	0	0	major	major	I	I, major	I		I	I	False	I	I, major		I(9), major		I	I	1		1	1	1	1	1	G	G	G	G	major triad	0	True	True	True	True	True	2	2	2	False	False	False
298	2	74.5	43	1	G	0	3.5	0	4	4	3	1	1/8	True	0	19	19	19	19a	2	149/2	False	False				False	70	I(9)		G	I		I(9)	I			9		M	False	False	(0, 4, 1)	(2,)	0	0	major	major	I	I, major	I		I	I	False	I	I, major		I(9), major		I	I	1		1	1	1	1	1	G	G	G	G	major triad	0	True	True	True	True	True	0	0	0	True	True	True
298	2	74.5	43	1	G	0	3.5	0	4	4	4	1	1/8	True	0	19	19	19	19a	2	149/2	False	False				False	70	I(9)		G	I		I(9)	I			9		M	False	False	(0, 4, 1)	(2,)	0	0	major	major	I	I, major	I		I	I	False	I	I, major		I(9), major		I	I	1		1	1	1	1	1	G	G	G	G	major triad	0	True	True	True	True	True	0	0	0	True	True	True
298	2	74.5	74	2	D	0	3.5	0	4	4	2	1	1/8	True	0	19	19	19	19a	5	149/2	False	False				False	70	I(9)		G	I		I(9)	I			9		M	False	False	(0, 4, 1)	(2,)	0	0	major	major	I	I, major	I		I	I	False	I	I, major		I(9), major		I	I	1		1	1	1	1	1	G	G	G	G	major triad	0	True	True	True	True	True	1	1	1	True	False	False
300	2	75.0	47	5	B	0	4.0	4	4	4	3	1	1/8	True	0	19	19	19	19a	2	75	False	True				False	71	I6		G	I		I6	I		6			M	False	False	(4, 1, 0)	()	0	4	major	major	I	I, major	I		I	I	False	I6	I6, major		I6, major		I	I	1		1	1	1	1	5	G	B	G	G	major triad	1	True	True	True	True	True	4	4	4	True	False	True
300	2	75.0	47	5	B	0	4.0	4	4	4	4	1	1/8	True	0	19	19	19	19a	2	75	False	True				False	71	I6		G	I		I6	I		6			M	False	False	(4, 1, 0)	()	0	4	major	major	I	I, major	I		I	I	False	I6	I6, major		I6, major		I	I	1		1	1	1	1	5	G	B	G	G	major triad	1	True	True	True	True	True	4	4	4	True	False	True
300	4	75.0	79	1	G	0	4.0	4	4	4	2	1	1/4	True	0	19	19	19	19a	5	75	False	True				False	71	I6		G	I		I6	I		6			M	False	False	(4, 1, 0)	()	0	4	major	major	I	I, major	I		I	I	False	I6	I6, major		I6, major		I	I	1		1	1	1	1	5	G	B	G	G	major triad	1	True	True	True	True	True	0	0	0	True	True	False
302	2	75.5	43	1	G	0	4.5	0	4	4	3	1	1/8	True	0	19	19	19	19a	2	151/2	False	False				False	71	I6		G	I		I6	I		6			M	False	False	(4, 1, 0)	()	0	4	major	major	I	I, major	I		I	I	False	I6	I6, major		I6, major		I	I	1		1	1	1	1	5	G	B	G	G	major triad	1	True	True	True	True	True	0	0	0	True	True	False
302	2	75.5	43	1	G	0	4.5	0	4	4	4	1	1/8	True	0	19	19	19	19a	2	151/2	False	False				False	71	I6		G	I		I6	I		6			M	False	False	(4, 1, 0)	()	0	4	major	major	I	I, major	I		I	I	False	I6	I6, major		I6, major		I	I	1		1	1	1	1	5	G	B	G	G	major triad	1	True	True	True	True	True	0	0	0	True	True	False
302	2	75.5	83	5	B	0	4.5	0	4	4	1	1	1/8	True	0	19	19	19	19a	5	151/2	False	False				False	71	I6		G	I		I6	I		6			M	False	False	(4, 1, 0)	()	0	4	major	major	I	I, major	I		I	I	False	I6	I6, major		I6, major		I	I	1		1	1	1	1	5	G	B	G	G	major triad	1	True	True	True	True	True	4	4	4	True	False	True
304	2	76.0	50	2	D	0	1.0	1	4	4	3	1	1/8	True	0	20	20	20	20a	3	76	False	True				False	72	V(4)		G	I		V(4)	V			4		M	False	False	(1, 0, 2)	()	1	1	major	major	I	I, major	V		I	I	False	V	V, major		V(4), major		V	V	5		1	1	1	2	2	D	D	G	G	major triad	0	True	True	True	True	True	1	1	1	True	True	True
304	2	76.0	50	2	D	0	1.0	1	4	4	4	1	1/8	True	0	20	20	20	20a	3	76	False	True				False	72	V(4)		G	I		V(4)	V			4		M	False	False	(1, 0, 2)	()	1	1	major	major	I	I, major	V		I	I	False	V	V, major		V(4), major		V	V	5		1	1	1	2	2	D	D	G	G	major triad	0	True	True	True	True	True	1	1	1	True	True	True
304	4	76.0	79	1	G	0	1.0	1	4	4	2	1	1/4	False	0	20	20	20	20a	5	76	False	True				False	72	V(4)		G	I		V(4)	V			4		M	False	False	(1, 0, 2)	()	1	1	major	major	I	I, major	V		I	I	False	V	V, major		V(4), major		V	V	5		1	1	1	2	2	D	D	G	G	major triad	0	True	True	True	True	True	0	0	0	True	False	False
304	6	76.0	81	3	A	0	1.0	1	4	4	1	1	3/8	True	0	20	20	20	20a	5	76	False	True				False	72	V(4)		G	I		V(4)	V			4		M	False	False	(1, 0, 2)	()	1	1	major	major	I	I, major	V		I	I	False	V	V, major		V(4), major		V	V	5		1	1	1	2	2	D	D	G	G	major triad	0	True	True	True	True	True	2	2	2	True	False	False
306	2	76.5	52	4	E	0	1.5	0	4	4	3	1	1/8	True	0	20	20	20	20a	3	153/2	False	False				False	72	V(4)		G	I		V(4)	V			4		M	False	False	(1, 0, 2)	()	1	1	major	major	I	I, major	V		I	I	False	V	V, major		V(4), major		V	V	5		1	1	1	2	2	D	D	G	G	major triad	0	True	True	True	True	True	3	3	3	False	False	False
306	2	76.5	52	4	E	0	1.5	0	4	4	4	1	1/8	True	0	20	20	20	20a	3	153/2	False	False				False	72	V(4)		G	I		V(4)	V			4		M	False	False	(1, 0, 2)	()	1	1	major	major	I	I, major	V		I	I	False	V	V, major		V(4), major		V	V	5		1	1	1	2	2	D	D	G	G	major triad	0	True	True	True	True	True	3	3	3	False	False	False
308	2	77.0	54	6	F	1	2.0	2	4	4	3	1	1/8	True	0	20	20	20	20a	3	77	False	True				False	73	vi.#viio6		G	vi		#viio6	#vii	o	6			o	False	True	(2, -1, 5)	()	5	2	major	minor	vi	vi, major	#vii		vi	vi	True	#viio6	#viio6, minor		#viio6, minor		#vii	viio	#7		1	4	4	6	3	F#	A	E	E	diminished triad	1	True	True	True	True	True	5	2	2	True	False	True
308	2	77.0	54	6	F	1	2.0	2	4	4	4	1	1/8	True	0	20	20	20	20a	3	77	False	True				False	73	vi.#viio6		G	vi		#viio6	#vii	o	6			o	False	True	(2, -1, 5)	()	5	2	major	minor	vi	vi, major	#vii		vi	vi	True	#viio6	#viio6, minor		#viio6, minor		#vii	viio	#7		1	4	4	6	3	F#	A	E	E	diminished triad	1	True	True	True	True	True	5	2	2	True	False	True
308	6	77.0	78	6	F	1	2.0	2	4	4	2	1	3/8	True	0	20	20	20	20a	5	77	False	True				False	73	vi.#viio6		G	vi		#viio6	#vii	o	6			o	False	True	(2, -1, 5)	()	5	2	major	minor	vi	vi, major	#vii		vi	vi	True	#viio6	#viio6, minor		#viio6, minor		#vii	viio	#7		1	4	4	6	3	F#	A	E	E	diminished triad	1	True	True	True	True	True	5	2	2	True	False	True
310	2	77.5	51	9	D	1	2.5	0	4	4	3	1	1/8	True	0	20	20	20	20a	3	155/2	False	True				False	74	#viio		G	vi		#viio	#vii	o				o	False	True	(5, 2, -1)	()	5	5	major	minor	vi	vi, major	#vii		vi	vi	True	#viio	#viio, minor		#viio, minor		#vii	viio	#7		1	4	4	6	6	F#	F#	E	E	diminished triad	0	True	True	True	True	True	8	5	5	True	True	True
310	2	77.5	51	9	D	1	2.5	0	4	4	4	1	1/8	True	0	20	20	20	20a	3	155/2	False	True				False	74	#viio		G	vi		#viio	#vii	o				o	False	True	(5, 2, -1)	()	5	5	major	minor	vi	vi, major	#vii		vi	vi	True	#viio	#viio, minor		#viio, minor		#vii	viio	#7		1	4	4	6	6	F#	F#	E	E	diminished triad	0	True	True	True	True	True	8	5	5	True	True	True
310	1	77.5	83	5	B	0	2.5	0	4	4	1	1	1/16	True	0	20	20	20	20a	5	155/2	False	True				False	74	#viio		G	vi		#viio	#vii	o				o	False	True	(5, 2, -1)	()	5	5	major	minor	vi	vi, major	#vii		vi	vi	True	#viio	#viio, minor		#viio, minor		#vii	viio	#7		1	4	4	6	6	F#	F#	E	E	diminished triad	0	True	True	True	True	True	4	1	1	False	False	False
311	1	77.75	81	3	A	0	2.75	0	4	4	1	1	1/16	True	0	20	20	20	20a	5	311/4	False	False				False	74	#viio		G	vi		#viio	#vii	o				o	False	True	(5, 2, -1)	()	5	5	major	minor	vi	vi, major	#vii		vi	vi	True	#viio	#viio, minor		#viio, minor		#vii	viio	#7		1	4	4	6	6	F#	F#	E	E	diminished triad	0	True	True	True	True	True	2	-1	-1	True	False	False
312	2	78.0	52	4	E	0	3.0	3	4	4	3	1	1/8	True	0	20	20	20	20a	3	78	False	True				False	75	i(9)		G	vi		i(9)	i			9		m	False	True	(0, -3, 1)	(2,)	0	0	major	minor	vi	vi, major	i		vi	vi	True	i	i, minor		i(9), minor		i	i	1		1	4	4	1	1	G	G	E	E	minor triad	0	True	True	True	True	True	3	0	0	True	True	True
312	6	78.0	52	4	E	0	3.0	3	4	4	4	1	3/8	True	0	20	20	20	20a	3	78	False	True				False	75	i(9)		G	vi		i(9)	i			9		m	False	True	(0, -3, 1)	(2,)	0	0	major	minor	vi	vi, major	i		vi	vi	True	i	i, minor		i(9), minor		i	i	1		1	4	4	1	1	G	G	E	E	minor triad	0	True	True	True	True	True	3	0	0	True	True	True
312	6	78.0	79	1	G	0	3.0	3	4	4	1	1	3/8	True	0	20	20	20	20a	5	78	False	True				False	75	i(9)		G	vi		i(9)	i			9		m	False	True	(0, -3, 1)	(2,)	0	0	major	minor	vi	vi, major	i		vi	vi	True	i	i, minor		i(9), minor		i	i	1		1	4	4	1	1	G	G	E	E	minor triad	0	True	True	True	True	True	0	-3	-3	True	False	False
314	2	78.5	54	6	F	1	3.5	0	4	4	3	1	1/8	True	0	20	20	20	20a	3	157/2	False	False				False	75	i(9)		G	vi		i(9)	i			9		m	False	True	(0, -3, 1)	(2,)	0	0	major	minor	vi	vi, major	i		vi	vi	True	i	i, minor		i(9), minor		i	i	1		1	4	4	1	1	G	G	E	E	minor triad	0	True	True	True	True	True	5	2	2	False	False	False
314	2	78.5	71	5	B	0	3.5	0	4	4	2	1	1/8	True	0	20	20	20	20a	4	157/2	False	False				False	75	i(9)		G	vi		i(9)	i			9		m	False	True	(0, -3, 1)	(2,)	0	0	major	minor	vi	vi, major	i		vi	vi	True	i	i, minor		i(9), minor		i	i	1		1	4	4	1	1	G	G	E	E	minor triad	0	True	True	True	True	True	4	1	1	True	False	False
316	2	79.0	55	1	G	0	4.0	4	4	4	3	1	1/8	True	0	20	20	20	20a	3	79	False	True				False	76	i		G	vi		i	i					m	False	True	(0, -3, 1)	()	0	0	major	minor	vi	vi, major	i		vi	vi	True	i	i, minor		i, minor		i	i	1		1	4	4	1	1	G	G	E	E	minor triad	0	True	True	True	True	True	0	-3	-3	True	False	False
316	4	79.0	76	4	E	0	4.0	4	4	4	2	1	1/4	True	0	20	20	20	20a	5	79	False	True				False	76	i		G	vi		i	i					m	False	True	(0, -3, 1)	()	0	0	major	minor	vi	vi, major	i		vi	vi	True	i	i, minor		i, minor		i	i	1		1	4	4	1	1	G	G	E	E	minor triad	0	True	True	True	True	True	3	0	0	True	True	True
318	2	79.5	52	4	E	0	4.5	0	4	4	3	1	1/8	True	0	20	20	20	20a	3	159/2	False	True				False	77	VI		G	vi		VI	VI					M	False	True	(-4, 0, -3)	()	-4	-4	major	minor	vi	vi, major	VI		vi	vi	True	VI	VI, minor		VI, minor		VI	VI	6		1	4	4	-3	-3	Eb	Eb	E	E	major triad	0	True	True	True	True	True	3	0	0	True	False	False
318	2	79.5	52	4	E	0	4.5	0	4	4	4	1	1/8	True	0	20	20	20	20a	3	159/2	False	True				False	77	VI		G	vi		VI	VI					M	False	True	(-4, 0, -3)	()	-4	-4	major	minor	vi	vi, major	VI		vi	vi	True	VI	VI, minor		VI, minor		VI	VI	6		1	4	4	-3	-3	Eb	Eb	E	E	major triad	0	True	True	True	True	True	3	0	0	True	False	False
318	1	79.5	81	3	A	0	4.5	0	4	4	1	1	1/16	True	0	20	20	20	20a	5	159/2	False	True				False	77	VI		G	vi		VI	VI					M	False	True	(-4, 0, -3)	()	-4	-4	major	minor	vi	vi, major	VI		vi	vi	True	VI	VI, minor		VI, minor		VI	VI	6		1	4	4	-3	-3	Eb	Eb	E	E	major triad	0	True	True	True	True	True	2	-1	-1	False	False	False
319	1	79.75	79	1	G	0	4.75	0	4	4	1	1	1/16	True	0	20	20	20	20a	5	319/4	False	False				False	77	VI		G	vi		VI	VI					M	False	True	(-4, 0, -3)	()	-4	-4	major	minor	vi	vi, major	VI		vi	vi	True	VI	VI, minor		VI, minor		VI	VI	6		1	4	4	-3	-3	Eb	Eb	E	E	major triad	0	True	True	True	True	True	0	-3	-3	True	False	False
320	2	80.0	57	3	A	0	1.0	1	4	4	3	1	1/8	True	0	21	21	21	21a	3	80	False	True				False	78	ii%65		G	vi		ii%65	ii	%	65			%7	False	True	(-1, -4, 0, 2)	()	2	-1	major	minor	vi	vi, major	ii		vi	vi	True	ii%65	ii%65, minor		ii%65, minor		ii	ii%7	2		1	4	4	3	0	A	C	E	E	half-diminished seventh chord	1	True	True	True	True	True	2	-1	-1	True	False	True
320	2	80.0	57	3	A	0	1.0	1	4	4	4	1	1/8	True	0	21	21	21	21a	3	80	False	True				False	78	ii%65		G	vi		ii%65	ii	%	65			%7	False	True	(-1, -4, 0, 2)	()	2	-1	major	minor	vi	vi, major	ii		vi	vi	True	ii%65	ii%65, minor		ii%65, minor		ii	ii%7	2		1	4	4	3	0	A	C	E	E	half-diminished seventh chord	1	True	True	True	True	True	2	-1	-1	True	False	True
320	4	80.0	76	4	E	0	1.0	1	4	4	2	1	1/4	False	0	21	21	21	21a	5	80	False	True				False	78	ii%65		G	vi		ii%65	ii	%	65			%7	False	True	(-1, -4, 0, 2)	()	2	-1	major	minor	vi	vi, major	ii		vi	vi	True	ii%65	ii%65, minor		ii%65, minor		ii	ii%7	2		1	4	4	3	0	A	C	E	E	half-diminished seventh chord	1	True	True	True	True	True	3	0	0	True	False	False
320	1	80.0	78	6	F	1	1.0	1	4	4	1	1	1/16	True	0	21	21	21	21a	5	80	False	True				False	78	ii%65		G	vi		ii%65	ii	%	65			%7	False	True	(-1, -4, 0, 2)	()	2	-1	major	minor	vi	vi, major	ii		vi	vi	True	ii%65	ii%65, minor		ii%65, minor		ii	ii%7	2		1	4	4	3	0	A	C	E	E	half-diminished seventh chord	1	True	True	True	True	True	5	2	2	True	True	False
321	1	80.25	79	1	G	0	1.25	0	4	4	1	1	1/16	True	0	21	21	21	21a	5	321/4	False	False				False	78	ii%65		G	vi		ii%65	ii	%	65			%7	False	True	(-1, -4, 0, 2)	()	2	-1	major	minor	vi	vi, major	ii		vi	vi	True	ii%65	ii%65, minor		ii%65, minor		ii	ii%7	2		1	4	4	3	0	A	C	E	E	half-diminished seventh chord	1	True	True	True	True	True	0	-3	-3	False	False	False
322	2	80.5	54	6	F	1	1.5	0	4	4	3	1	1/8	True	0	21	21	21	21a	3	161/2	False	False				False	78	ii%65		G	vi		ii%65	ii	%	65			%7	False	True	(-1, -4, 0, 2)	()	2	-1	major	minor	vi	vi, major	ii		vi	vi	True	ii%65	ii%65, minor		ii%65, minor		ii	ii%7	2		1	4	4	3	0	A	C	E	E	half-diminished seventh chord	1	True	True	True	True	True	5	2	2	True	True	False
322	2	80.5	54	6	F	1	1.5	0	4	4	4	1	1/8	True	0	21	21	21	21a	3	161/2	False	False				False	78	ii%65		G	vi		ii%65	ii	%	65			%7	False	True	(-1, -4, 0, 2)	()	2	-1	major	minor	vi	vi, major	ii		vi	vi	True	ii%65	ii%65, minor		ii%65, minor		ii	ii%7	2		1	4	4	3	0	A	C	E	E	half-diminished seventh chord	1	True	True	True	True	True	5	2	2	True	True	False
322	1	80.5	81	3	A	0	1.5	0	4	4	1	1	1/16	True	0	21	21	21	21a	5	161/2	False	False				False	78	ii%65		G	vi		ii%65	ii	%	65			%7	False	True	(-1, -4, 0, 2)	()	2	-1	major	minor	vi	vi, major	ii		vi	vi	True	ii%65	ii%65, minor		ii%65, minor		ii	ii%7	2		1	4	4	3	0	A	C	E	E	half-diminished seventh chord	1	True	True	True	True	True	2	-1	-1	True	False	True
323	1	80.75	79	1	G	0	1.75	0	4	4	1	1	1/16	True	0	21	21	21	21a	5	323/4	False	False				False	78	ii%65		G	vi		ii%65	ii	%	65			%7	False	True	(-1, -4, 0, 2)	()	2	-1	major	minor	vi	vi, major	ii		vi	vi	True	ii%65	ii%65, minor		ii%65, minor		ii	ii%7	2		1	4	4	3	0	A	C	E	E	half-diminished seventh chord	1	True	True	True	True	True	0	-3	-3	False	False	False
324	2	81.0	59	5	B	0	2.0	2	4	4	3	1	1/8	True	0	21	21	21	21a	3	81	False	True				False	79	V		G	vi		V	V					M	False	True	(1, 5, 2)	()	1	1	major	minor	vi	vi, major	V		vi	vi	True	V	V, minor		V, minor		V	V	5		1	4	4	2	2	D	D	E	E	major triad	0	True	True	True	True	True	4	1	1	True	True	True
324	2	81.0	59	5	B	0	2.0	2	4	4	4	1	1/8	True	0	21	21	21	21a	3	81	False	True				False	79	V		G	vi		V	V					M	False	True	(1, 5, 2)	()	1	1	major	minor	vi	vi, major	V		vi	vi	True	V	V, minor		V, minor		V	V	5		1	4	4	2	2	D	D	E	E	major triad	0	True	True	True	True	True	4	1	1	True	True	True
324	4	81.0	75	9	D	1	2.0	2	4	4	2	1	1/4	True	0	21	21	21	21a	5	81	False	True				False	79	V		G	vi		V	V					M	False	True	(1, 5, 2)	()	1	1	major	minor	vi	vi, major	V		vi	vi	True	V	V, minor		V, minor		V	V	5		1	4	4	2	2	D	D	E	E	major triad	0	True	True	True	True	True	8	5	5	True	False	False
324	4	81.0	78	6	F	1	2.0	2	4	4	1	1	1/4	True	0	21	21	21	21a	5	81	False	True				False	79	V		G	vi		V	V					M	False	True	(1, 5, 2)	()	1	1	major	minor	vi	vi, major	V		vi	vi	True	V	V, minor		V, minor		V	V	5		1	4	4	2	2	D	D	E	E	major triad	0	True	True	True	True	True	5	2	2	True	False	False
326	2	81.5	47	5	B	0	2.5	0	4	4	3	1	1/8	True	0	21	21	21	21a	2	163/2	False	False				False	79	V		G	vi		V	V					M	False	True	(1, 5, 2)	()	1	1	major	minor	vi	vi, major	V		vi	vi	True	V	V, minor		V, minor		V	V	5		1	4	4	2	2	D	D	E	E	major triad	0	True	True	True	True	True	4	1	1	True	True	True
326	2	81.5	47	5	B	0	2.5	0	4	4	4	1	1/8	True	0	21	21	21	21a	2	163/2	False	False				False	79	V		G	vi		V	V					M	False	True	(1, 5, 2)	()	1	1	major	minor	vi	vi, major	V		vi	vi	True	V	V, minor		V, minor		V	V	5		1	4	4	2	2	D	D	E	E	major triad	0	True	True	True	True	True	4	1	1	True	True	True
328	4	82.0	52	4	E	0	3.0	3	4	4	3	1	1/4	True	0	21	21	21	21a	3	82	False	True	PAC	PAC	}	True	80	i|PAC}		G	vi		i	i					m	False	True	(0, -3, 1)	()	0	0	major	minor	vi	vi, major	i		vi	vi	True	i	i, minor		i, minor		i	i	1		1	4	4	1	1	G	G	E	E	minor triad	0	True	True	True	True	True	3	0	0	True	True	True
328	4	82.0	52	4	E	0	3.0	3	4	4	4	1	1/4	True	0	21	21	21	21a	3	82	False	True	PAC	PAC	}	True	80	i|PAC}		G	vi		i	i					m	False	True	(0, -3, 1)	()	0	0	major	minor	vi	vi, major	i		vi	vi	True	i	i, minor		i, minor		i	i	1		1	4	4	1	1	G	G	E	E	minor triad	0	True	True	True	True	True	3	0	0	True	True	True
328	2	82.0	76	4	E	0	3.0	3	4	4	1	1	1/8	True	0	21	21	21	21a	5	82	False	True	PAC	PAC	}	True	80	i|PAC}		G	vi		i	i					m	False	True	(0, -3, 1)	()	0	0	major	minor	vi	vi, major	i		vi	vi	True	i	i, minor		i, minor		i	i	1		1	4	4	1	1	G	G	E	E	minor triad	0	True	True	True	True	True	3	0	0	True	True	True
328	4	82.0	76	4	E	0	3.0	3	4	4	2	1	1/4	True	0	21	21	21	21a	5	82	False	True	PAC	PAC	}	True	80	i|PAC}		G	vi		i	i					m	False	True	(0, -3, 1)	()	0	0	major	minor	vi	vi, major	i		vi	vi	True	i	i, minor		i, minor		i	i	1		1	4	4	1	1	G	G	E	E	minor triad	0	True	True	True	True	True	3	0	0	True	True	True
330	2	82.5	71	5	B	0	3.5	0	4	4	1	1	1/8	True	0	21	21	21	21a	4	165/2	False	False				False	80	i|PAC}		G	vi		i	i					m	False	True	(0, -3, 1)	()	0	0	major	minor	vi	vi, major	i		vi	vi	True	i	i, minor		i, minor		i	i	1		1	4	4	1	1	G	G	E	E	minor triad	0	True	True	True	True	True	4	1	1	True	False	False
332	4	83.0	64	4	E	0	4.0	4	4	4	2	1	1/4	True	0	21	21	21	21a	4	83	False	False			{	False	81	{		G	vi		i	i					m	False	True	()	()	0	0	major	minor	vi	vi, major	i		vi	vi	True		, minor		i, minor		i	i	1		1	4	4	1	1	G	G	E	E	None	0	False	True	True	True	True	3	0	0	False	True	True
332	2	83.0	67	1	G	0	4.0	4	4	4	1	1	1/8	True	0	21	21	21	21a	4	83	False	False			{	False	81	{		G	vi		i	i					m	False	True	()	()	0	0	major	minor	vi	vi, major	i		vi	vi	True		, minor		i, minor		i	i	1		1	4	4	1	1	G	G	E	E	None	0	False	True	True	True	True	0	-3	-3	False	False	False
334	2	83.5	43	1	G	0	4.5	0	4	4	3	1	1/8	True	0	21	21	21	21a	2	167/2	False	True				False	82	i6		G	vi		i6	i		6			m	False	True	(-3, 1, 0)	()	0	-3	major	minor	vi	vi, major	i		vi	vi	True	i6	i6, minor		i6, minor		i	i	1		1	4	4	1	-2	G	Bb	E	E	minor triad	1	True	True	True	True	True	0	-3	-3	True	False	True
334	2	83.5	43	1	G	0	4.5	0	4	4	4	1	1/8	True	0	21	21	21	21a	2	167/2	False	True				False	82	i6		G	vi		i6	i		6			m	False	True	(-3, 1, 0)	()	0	-3	major	minor	vi	vi, major	i		vi	vi	True	i6	i6, minor		i6, minor		i	i	1		1	4	4	1	-2	G	Bb	E	E	minor triad	1	True	True	True	True	True	0	-3	-3	True	False	True
334	2	83.5	64	4	E	0	4.5	0	4	4	1	1	1/8	True	0	21	21	21	21a	4	167/2	False	True				False	82	i6		G	vi		i6	i		6			m	False	True	(-3, 1, 0)	()	0	-3	major	minor	vi	vi, major	i		vi	vi	True	i6	i6, minor		i6, minor		i	i	1		1	4	4	1	-2	G	Bb	E	E	minor triad	1	True	True	True	True	True	3	0	0	True	True	False
336	6	84.0	45	3	A	0	1.0	1	4	4	3	1	3/8	True	0	22	22	22	22a	2	84	False	True				False	83	iv		G	vi		iv	iv					m	False	True	(-1, -4, 0)	()	-1	-1	major	minor	vi	vi, major	iv		vi	vi	True	iv	iv, minor		iv, minor		iv	iv	4		1	4	4	0	0	C	C	E	E	minor triad	0	True	True	True	True	True	2	-1	-1	True	True	True
336	6	84.0	45	3	A	0	1.0	1	4	4	4	1	3/8	True	0	22	22	22	22a	2	84	False	True				False	83	iv		G	vi		iv	iv					m	False	True	(-1, -4, 0)	()	-1	-1	major	minor	vi	vi, major	iv		vi	vi	True	iv	iv, minor		iv, minor		iv	iv	4		1	4	4	0	0	C	C	E	E	minor triad	0	True	True	True	True	True	2	-1	-1	True	True	True
336	2	84.0	60	0	C	0	1.0	1	4	4	1	1	1/8	True	0	22	22	22	22a	4	84	False	True				False	83	iv		G	vi		iv	iv					m	False	True	(-1, -4, 0)	()	-1	-1	major	minor	vi	vi, major	iv		vi	vi	True	iv	iv, minor		iv, minor		iv	iv	4		1	4	4	0	0	C	C	E	E	minor triad	0	True	True	True	True	True	-1	-4	-4	True	False	False
336	2	84.0	64	4	E	0	1.0	1	4	4	2	1	1/8	False	0	22	22	22	22a	4	84	False	True				False	83	iv		G	vi		iv	iv					m	False	True	(-1, -4, 0)	()	-1	-1	major	minor	vi	vi, major	iv		vi	vi	True	iv	iv, minor		iv, minor		iv	iv	4		1	4	4	0	0	C	C	E	E	minor triad	0	True	True	True	True	True	3	0	0	True	False	False
338	2	84.5	64	4	E	0	1.5	0	4	4	2	1	1/8	True	0	22	22	22	22a	4	169/2	False	False				False	83	iv		G	vi		iv	iv					m	False	True	(-1, -4, 0)	()	-1	-1	major	minor	vi	vi, major	iv		vi	vi	True	iv	iv, minor		iv, minor		iv	iv	4		1	4	4	0	0	C	C	E	E	minor triad	0	True	True	True	True	True	3	0	0	True	False	False
338	2	84.5	72	0	C	0	1.5	0	4	4	1	1	1/8	True	0	22	22	22	22a	5	169/2	False	False				False	83	iv		G	vi		iv	iv					m	False	True	(-1, -4, 0)	()	-1	-1	major	minor	vi	vi, major	iv		vi	vi	True	iv	iv, minor		iv, minor		iv	iv	4		1	4	4	0	0	C	C	E	E	minor triad	0	True	True	True	True	True	-1	-4	-4	True	False	False
340	6	85.0	66	6	F	1	2.0	2	4	4	2	1	3/8	True	0	22	22	22	22a	4	85	False	True				False	84	iio6		G	vi		iio6	ii	o	6			o	False	True	(-1, -4, 2)	()	2	-1	major	minor	vi	vi, major	ii		vi	vi	True	iio6	iio6, minor		iio6, minor		ii	iio	2		1	4	4	3	0	A	C	E	E	diminished triad	1	True	True	True	True	True	5	2	2	True	True	False
340	1	85.0	69	3	A	0	2.0	2	4	4	1	1	1/16	True	0	22	22	22	22a	4	85	False	True				False	84	iio6		G	vi		iio6	ii	o	6			o	False	True	(-1, -4, 2)	()	2	-1	major	minor	vi	vi, major	ii		vi	vi	True	iio6	iio6, minor		iio6, minor		ii	iio	2		1	4	4	3	0	A	C	E	E	diminished triad	1	True	True	True	True	True	2	-1	-1	True	False	True
341	1	85.25	67	1	G	0	2.25	0	4	4	1	1	1/16	True	0	22	22	22	22a	4	341/4	False	False				False	84	iio6		G	vi		iio6	ii	o	6			o	False	True	(-1, -4, 2)	()	2	-1	major	minor	vi	vi, major	ii		vi	vi	True	iio6	iio6, minor		iio6, minor		ii	iio	2		1	4	4	3	0	A	C	E	E	diminished triad	1	True	True	True	True	True	0	-3	-3	False	False	False
342	2	85.5	45	3	A	0	2.5	0	4	4	3	1	1/8	True	0	22	22	22	22a	2	171/2	False	False				False	84	iio6		G	vi		iio6	ii	o	6			o	False	True	(-1, -4, 2)	()	2	-1	major	minor	vi	vi, major	ii		vi	vi	True	iio6	iio6, minor		iio6, minor		ii	iio	2		1	4	4	3	0	A	C	E	E	diminished triad	1	True	True	True	True	True	2	-1	-1	True	False	True
342	2	85.5	45	3	A	0	2.5	0	4	4	4	1	1/8	True	0	22	22	22	22a	2	171/2	False	False				False	84	iio6		G	vi		iio6	ii	o	6			o	False	True	(-1, -4, 2)	()	2	-1	major	minor	vi	vi, major	ii		vi	vi	True	iio6	iio6, minor		iio6, minor		ii	iio	2		1	4	4	3	0	A	C	E	E	diminished triad	1	True	True	True	True	True	2	-1	-1	True	False	True
342	1	85.5	66	6	F	1	2.5	0	4	4	1	1	1/16	True	0	22	22	22	22a	4	171/2	False	False				False	84	iio6		G	vi		iio6	ii	o	6			o	False	True	(-1, -4, 2)	()	2	-1	major	minor	vi	vi, major	ii		vi	vi	True	iio6	iio6, minor		iio6, minor		ii	iio	2		1	4	4	3	0	A	C	E	E	diminished triad	1	True	True	True	True	True	5	2	2	True	True	False
343	1	85.75	64	4	E	0	2.75	0	4	4	1	1	1/16	True	0	22	22	22	22a	4	343/4	False	False				False	84	iio6		G	vi		iio6	ii	o	6			o	False	True	(-1, -4, 2)	()	2	-1	major	minor	vi	vi, major	ii		vi	vi	True	iio6	iio6, minor		iio6, minor		ii	iio	2		1	4	4	3	0	A	C	E	E	diminished triad	1	True	True	True	True	True	3	0	0	False	False	False
344	6	86.0	47	5	B	0	3.0	3	4	4	3	1	3/8	True	0	22	22	22	22a	2	86	False	True				False	85	I.iii		G	I		iii	iii					m	False	False	(4, 1, 5)	()	4	4	major	major	I	I, major	iii		I	I	False	iii	iii, major		iii, major		iii	iii	3		1	1	1	5	5	B	B	G	G	minor triad	0	True	True	True	True	True	4	4	4	True	True	True
344	6	86.0	47	5	B	0	3.0	3	4	4	4	1	3/8	True	0	22	22	22	22a	2	86	False	True				False	85	I.iii		G	I		iii	iii					m	False	False	(4, 1, 5)	()	4	4	major	major	I	I, major	iii		I	I	False	iii	iii, major		iii, major		iii	iii	3		1	1	1	5	5	B	B	G	G	minor triad	0	True	True	True	True	True	4	4	4	True	True	True
344	2	86.0	62	2	D	0	3.0	3	4	4	1	1	1/8	True	0	22	22	22	22a	4	86	False	True				False	85	I.iii		G	I		iii	iii					m	False	False	(4, 1, 5)	()	4	4	major	major	I	I, major	iii		I	I	False	iii	iii, major		iii, major		iii	iii	3		1	1	1	5	5	B	B	G	G	minor triad	0	True	True	True	True	True	1	1	1	True	False	False
346	2	86.5	66	6	F	1	3.5	0	4	4	2	1	1/8	True	0	22	22	22	22a	4	173/2	False	False				False	85	I.iii		G	I		iii	iii					m	False	False	(4, 1, 5)	()	4	4	major	major	I	I, major	iii		I	I	False	iii	iii, major		iii, major		iii	iii	3		1	1	1	5	5	B	B	G	G	minor triad	0	True	True	True	True	True	5	5	5	True	False	False
346	2	86.5	74	2	D	0	3.5	0	4	4	1	1	1/8	True	0	22	22	22	22a	5	173/2	False	False				False	85	I.iii		G	I		iii	iii					m	False	False	(4, 1, 5)	()	4	4	major	major	I	I, major	iii		I	I	False	iii	iii, major		iii, major		iii	iii	3		1	1	1	5	5	B	B	G	G	minor triad	0	True	True	True	True	True	1	1	1	True	False	False
348	4	87.0	67	1	G	0	4.0	4	4	4	2	1	1/4	True	0	22	22	22	22a	4	87	False	True				False	86	i6		G	I		i6	i		6			m	False	False	(-3, 1, 0)	()	0	-3	major	major	I	I, major	i		I	I	False	i6	i6, major		i6, major		i	i	1		1	1	1	1	-2	G	Bb	G	G	minor triad	1	True	True	True	True	True	0	0	0	True	True	False
348	2	87.0	71	5	B	0	4.0	4	4	4	1	1	1/8	True	0	22	22	22	22a	4	87	False	True				False	86	i6		G	I		i6	i		6			m	False	False	(-3, 1, 0)	()	0	-3	major	major	I	I, major	i		I	I	False	i6	i6, major		i6, major		i	i	1		1	1	1	1	-2	G	Bb	G	G	minor triad	1	True	True	True	True	True	4	4	4	False	False	False
350	2	87.5	47	5	B	0	4.5	0	4	4	3	1	1/8	True	0	22	22	22	22a	2	175/2	False	False				False	86	i6		G	I		i6	i		6			m	False	False	(-3, 1, 0)	()	0	-3	major	major	I	I, major	i		I	I	False	i6	i6, major		i6, major		i	i	1		1	1	1	1	-2	G	Bb	G	G	minor triad	1	True	True	True	True	True	4	4	4	False	False	False
350	2	87.5	47	5	B	0	4.5	0	4	4	4	1	1/8	True	0	22	22	22	22a	2	175/2	False	False				False	86	i6		G	I		i6	i		6			m	False	False	(-3, 1, 0)	()	0	-3	major	major	I	I, major	i		I	I	False	i6	i6, major		i6, major		i	i	1		1	1	1	1	-2	G	Bb	G	G	minor triad	1	True	True	True	True	True	4	4	4	False	False	False
350	2	87.5	67	1	G	0	4.5	0	4	4	1	1	1/8	True	0	22	22	22	22a	4	175/2	False	False				False	86	i6		G	I		i6	i		6			m	False	False	(-3, 1, 0)	()	0	-3	major	major	I	I, major	i		I	I	False	i6	i6, major		i6, major		i	i	1		1	1	1	1	-2	G	Bb	G	G	minor triad	1	True	True	True	True	True	0	0	0	True	True	False
352	6	88.0	48	0	C	0	1.0	1	4	4	3	1	3/8	True	0	23	23	23	23a	3	88	False	True				False	87	IV		G	I		IV	IV					M	False	False	(-1, 3, 0)	()	-1	-1	major	major	I	I, major	IV		I	I	False	IV	IV, major		IV, major		IV	IV	4		1	1	1	0	0	C	C	G	G	major triad	0	True	True	True	True	True	-1	-1	-1	True	True	True
352	6	88.0	48	0	C	0	1.0	1	4	4	4	1	3/8	True	0	23	23	23	23a	3	88	False	True				False	87	IV		G	I		IV	IV					M	False	False	(-1, 3, 0)	()	-1	-1	major	major	I	I, major	IV		I	I	False	IV	IV, major		IV, major		IV	IV	4		1	1	1	0	0	C	C	G	G	major triad	0	True	True	True	True	True	-1	-1	-1	True	True	True
352	2	88.0	64	4	E	0	1.0	1	4	4	1	1	1/8	True	0	23	23	23	23a	4	88	False	True				False	87	IV		G	I		IV	IV					M	False	False	(-1, 3, 0)	()	-1	-1	major	major	I	I, major	IV		I	I	False	IV	IV, major		IV, major		IV	IV	4		1	1	1	0	0	C	C	G	G	major triad	0	True	True	True	True	True	3	3	3	True	False	False
352	2	88.0	67	1	G	0	1.0	1	4	4	2	1	1/8	False	0	23	23	23	23a	4	88	False	True				False	87	IV		G	I		IV	IV					M	False	False	(-1, 3, 0)	()	-1	-1	major	major	I	I, major	IV		I	I	False	IV	IV, major		IV, major		IV	IV	4		1	1	1	0	0	C	C	G	G	major triad	0	True	True	True	True	True	0	0	0	True	False	False
354	2	88.5	67	1	G	0	1.5	0	4	4	2	1	1/8	True	0	23	23	23	23a	4	177/2	False	False				False	87	IV		G	I		IV	IV					M	False	False	(-1, 3, 0)	()	-1	-1	major	major	I	I, major	IV		I	I	False	IV	IV, major		IV, major		IV	IV	4		1	1	1	0	0	C	C	G	G	major triad	0	True	True	True	True	True	0	0	0	True	False	False
354	2	88.5	76	4	E	0	1.5	0	4	4	1	1	1/8	True	0	23	23	23	23a	5	177/2	False	False				False	87	IV		G	I		IV	IV					M	False	False	(-1, 3, 0)	()	-1	-1	major	major	I	I, major	IV		I	I	False	IV	IV, major		IV, major		IV	IV	4		1	1	1	0	0	C	C	G	G	major triad	0	True	True	True	True	True	3	3	3	True	False	False
356	6	89.0	69	3	A	0	2.0	2	4	4	2	1	3/8	True	0	23	23	23	23a	4	89	False	True				False	88	ii6		G	I		ii6	ii		6			m	False	False	(-1, 3, 2)	()	2	-1	major	major	I	I, major	ii		I	I	False	ii6	ii6, major		ii6, major		ii	ii	2		1	1	1	3	0	A	C	G	G	minor triad	1	True	True	True	True	True	2	2	2	True	True	False
356	1	89.0	72	0	C	0	2.0	2	4	4	1	1	1/16	True	0	23	23	23	23a	5	89	False	True				False	88	ii6		G	I		ii6	ii		6			m	False	False	(-1, 3, 2)	()	2	-1	major	major	I	I, major	ii		I	I	False	ii6	ii6, major		ii6, major		ii	ii	2		1	1	1	3	0	A	C	G	G	minor triad	1	True	True	True	True	True	-1	-1	-1	True	False	True
357	1	89.25	71	5	B	0	2.25	0	4	4	1	1	1/16	True	0	23	23	23	23a	4	357/4	False	False				False	88	ii6		G	I		ii6	ii		6			m	False	False	(-1, 3, 2)	()	2	-1	major	major	I	I, major	ii		I	I	False	ii6	ii6, major		ii6, major		ii	ii	2		1	1	1	3	0	A	C	G	G	minor triad	1	True	True	True	True	True	4	4	4	False	False	False
358	2	89.5	48	0	C	0	2.5	0	4	4	3	1	1/8	True	0	23	23	23	23a	3	179/2	False	False				False	88	ii6		G	I		ii6	ii		6			m	False	False	(-1, 3, 2)	()	2	-1	major	major	I	I, major	ii		I	I	False	ii6	ii6, major		ii6, major		ii	ii	2		1	1	1	3	0	A	C	G	G	minor triad	1	True	True	True	True	True	-1	-1	-1	True	False	True
358	2	89.5	48	0	C	0	2.5	0	4	4	4	1	1/8	True	0	23	23	23	23a	3	179/2	False	False				False	88	ii6		G	I		ii6	ii		6			m	False	False	(-1, 3, 2)	()	2	-1	major	major	I	I, major	ii		I	I	False	ii6	ii6, major		ii6, major		ii	ii	2		1	1	1	3	0	A	C	G	G	minor triad	1	True	True	True	True	True	-1	-1	-1	True	False	True
358	1	89.5	69	3	A	0	2.5	0	4	4	1	1	1/16	True	0	23	23	23	23a	4	179/2	False	False				False	88	ii6		G	I		ii6	ii		6			m	False	False	(-1, 3, 2)	()	2	-1	major	major	I	I, major	ii		I	I	False	ii6	ii6, major		ii6, major		ii	ii	2		1	1	1	3	0	A	C	G	G	minor triad	1	True	True	True	True	True	2	2	2	True	True	False
359	1	89.75	67	1	G	0	2.75	0	4	4	1	1	1/16	True	0	23	23	23	23a	4	359/4	False	False				False	88	ii6		G	I		ii6	ii		6			m	False	False	(-1, 3, 2)	()	2	-1	major	major	I	I, major	ii		I	I	False	ii6	ii6, major		ii6, major		ii	ii	2		1	1	1	3	0	A	C	G	G	minor triad	1	True	True	True	True	True	0	0	0	False	False	False
360	6	90.0	50	2	D	0	3.0	3	4	4	3	1	3/8	True	0	23	23	23	23a	3	90	False	True				False	89	V		G	I		V	V					M	False	False	(1, 5, 2)	()	1	1	major	major	I	I, major	V		I	I	False	V	V, major		V, major		V	V	5		1	1	1	2	2	D	D	G	G	major triad	0	True	True	True	True	True	1	1	1	True	True	True
360	6	90.0	50	2	D	0	3.0	3	4	4	4	1	3/8	True	0	23	23	23	23a	3	90	False	True				False	89	V		G	I		V	V					M	False	False	(1, 5, 2)	()	1	1	major	major	I	I, major	V		I	I	False	V	V, major		V, major		V	V	5		1	1	1	2	2	D	D	G	G	major triad	0	True	True	True	True	True	1	1	1	True	True	True
360	2	90.0	66	6	F	1	3.0	3	4	4	1	1	1/8	True	0	23	23	23	23a	4	90	False	True				False	89	V		G	I		V	V					M	False	False	(1, 5, 2)	()	1	1	major	major	I	I, major	V		I	I	False	V	V, major		V, major		V	V	5		1	1	1	2	2	D	D	G	G	major triad	0	True	True	True	True	True	5	5	5	True	False	False
362	2	90.5	69	3	A	0	3.5	0	4	4	2	1	1/8	True	0	23	23	23	23a	4	181/2	False	False				False	89	V		G	I		V	V					M	False	False	(1, 5, 2)	()	1	1	major	major	I	I, major	V		I	I	False	V	V, major		V, major		V	V	5		1	1	1	2	2	D	D	G	G	major triad	0	True	True	True	True	True	2	2	2	True	False	False
362	2	90.5	78	6	F	1	3.5	0	4	4	1	1	1/8	True	0	23	23	23	23a	5	181/2	False	False				False	89	V		G	I		V	V					M	False	False	(1, 5, 2)	()	1	1	major	major	I	I, major	V		I	I	False	V	V, major		V, major		V	V	5		1	1	1	2	2	D	D	G	G	major triad	0	True	True	True	True	True	5	5	5	True	False	False
364	4	91.0	71	5	B	0	4.0	4	4	4	2	1	1/4	True	0	23	23	23	23a	4	91	False	True				False	90	iii6		G	I		iii6	iii		6			m	False	False	(1, 5, 4)	()	4	1	major	major	I	I, major	iii		I	I	False	iii6	iii6, major		iii6, major		iii	iii	3		1	1	1	5	2	B	D	G	G	minor triad	1	True	True	True	True	True	4	4	4	True	True	False
364	2	91.0	74	2	D	0	4.0	4	4	4	1	1	1/8	True	0	23	23	23	23a	5	91	False	True				False	90	iii6		G	I		iii6	iii		6			m	False	False	(1, 5, 4)	()	4	1	major	major	I	I, major	iii		I	I	False	iii6	iii6, major		iii6, major		iii	iii	3		1	1	1	5	2	B	D	G	G	minor triad	1	True	True	True	True	True	1	1	1	True	False	True
366	2	91.5	50	2	D	0	4.5	0	4	4	3	1	1/8	True	0	23	23	23	23a	3	183/2	False	False				False	90	iii6		G	I		iii6	iii		6			m	False	False	(1, 5, 4)	()	4	1	major	major	I	I, major	iii		I	I	False	iii6	iii6, major		iii6, major		iii	iii	3		1	1	1	5	2	B	D	G	G	minor triad	1	True	True	True	True	True	1	1	1	True	False	True
366	2	91.5	50	2	D	0	4.5	0	4	4	4	1	1/8	True	0	23	23	23	23a	3	183/2	False	False				False	90	iii6		G	I		iii6	iii		6			m	False	False	(1, 5, 4)	()	4	1	major	major	I	I, major	iii		I	I	False	iii6	iii6, major		iii6, major		iii	iii	3		1	1	1	5	2	B	D	G	G	minor triad	1	True	True	True	True	True	1	1	1	True	False	True
366	2	91.5	71	5	B	0	4.5	0	4	4	1	1	1/8	True	0	23	23	23	23a	4	183/2	False	False				False	90	iii6		G	I		iii6	iii		6			m	False	False	(1, 5, 4)	()	4	1	major	major	I	I, major	iii		I	I	False	iii6	iii6, major		iii6, major		iii	iii	3		1	1	1	5	2	B	D	G	G	minor triad	1	True	True	True	True	True	4	4	4	True	True	False
368	6	92.0	52	4	E	0	1.0	1	4	4	3	1	3/8	True	0	24	24	24	24a	3	92	False	True				False	91	vi		G	I		vi	vi					m	False	False	(3, 0, 4)	()	3	3	major	major	I	I, major	vi		I	I	False	vi	vi, major		vi, major		vi	vi	6		1	1	1	4	4	E	E	G	G	minor triad	0	True	True	True	True	True	3	3	3	True	True	True
368	6	92.0	52	4	E	0	1.0	1	4	4	4	1	3/8	True	0	24	24	24	24a	3	92	False	True				False	91	vi		G	I		vi	vi					m	False	False	(3, 0, 4)	()	3	3	major	major	I	I, major	vi		I	I	False	vi	vi, major		vi, major		vi	vi	6		1	1	1	4	4	E	E	G	G	minor triad	0	True	True	True	True	True	3	3	3	True	True	True
368	2	92.0	67	1	G	0	1.0	1	4	4	1	1	1/8	True	0	24	24	24	24a	4	92	False	True				False	91	vi		G	I		vi	vi					m	False	False	(3, 0, 4)	()	3	3	major	major	I	I, major	vi		I	I	False	vi	vi, major		vi, major		vi	vi	6		1	1	1	4	4	E	E	G	G	minor triad	0	True	True	True	True	True	0	0	0	True	False	False
368	2	92.0	71	5	B	0	1.0	1	4	4	2	1	1/8	False	0	24	24	24	24a	4	92	False	True				False	91	vi		G	I		vi	vi					m	False	False	(3, 0, 4)	()	3	3	major	major	I	I, major	vi		I	I	False	vi	vi, major		vi, major		vi	vi	6		1	1	1	4	4	E	E	G	G	minor triad	0	True	True	True	True	True	4	4	4	True	False	False
370	2	92.5	71	5	B	0	1.5	0	4	4	2	1	1/8	True	0	24	24	24	24a	4	185/2	False	False				False	91	vi		G	I		vi	vi					m	False	False	(3, 0, 4)	()	3	3	major	major	I	I, major	vi		I	I	False	vi	vi, major		vi, major		vi	vi	6		1	1	1	4	4	E	E	G	G	minor triad	0	True	True	True	True	True	4	4	4	True	False	False
370	2	92.5	79	1	G	0	1.5	0	4	4	1	1	1/8	True	0	24	24	24	24a	5	185/2	False	False				False	91	vi		G	I		vi	vi					m	False	False	(3, 0, 4)	()	3	3	major	major	I	I, major	vi		I	I	False	vi	vi, major		vi, major		vi	vi	6		1	1	1	4	4	E	E	G	G	minor triad	0	True	True	True	True	True	0	0	0	True	False	False
372	6	93.0	72	0	C	0	2.0	2	4	4	2	1	3/8	True	0	24	24	24	24a	5	93	False	True				False	92	IV6		G	I		IV6	IV		6			M	False	False	(3, 0, -1)	()	-1	3	major	major	I	I, major	IV		I	I	False	IV6	IV6, major		IV6, major		IV	IV	4		1	1	1	0	4	C	E	G	G	major triad	1	True	True	True	True	True	-1	-1	-1	True	True	False
372	2	93.0	76	4	E	0	2.0	2	4	4	1	1	1/8	True	0	24	24	24	24a	5	93	False	True				False	92	IV6		G	I		IV6	IV		6			M	False	False	(3, 0, -1)	()	-1	3	major	major	I	I, major	IV		I	I	False	IV6	IV6, major		IV6, major		IV	IV	4		1	1	1	0	4	C	E	G	G	major triad	1	True	True	True	True	True	3	3	3	True	False	True
374	2	93.5	48	0	C	0	2.5	0	4	4	3	1	1/8	True	0	24	24	24	24a	3	187/2	False	True				False	93	ii6		G	I		ii6	ii		6			m	False	False	(-1, 3, 2)	()	2	-1	major	major	I	I, major	ii		I	I	False	ii6	ii6, major		ii6, major		ii	ii	2		1	1	1	3	0	A	C	G	G	minor triad	1	True	True	True	True	True	-1	-1	-1	True	False	True
374	2	93.5	48	0	C	0	2.5	0	4	4	4	1	1/8	True	0	24	24	24	24a	3	187/2	False	True				False	93	ii6		G	I		ii6	ii		6			m	False	False	(-1, 3, 2)	()	2	-1	major	major	I	I, major	ii		I	I	False	ii6	ii6, major		ii6, major		ii	ii	2		1	1	1	3	0	A	C	G	G	minor triad	1	True	True	True	True	True	-1	-1	-1	True	False	True
374	2	93.5	81	3	A	0	2.5	0	4	4	1	1	1/8	True	0	24	24	24	24a	5	187/2	False	True				False	93	ii6		G	I		ii6	ii		6			m	False	False	(-1, 3, 2)	()	2	-1	major	major	I	I, major	ii		I	I	False	ii6	ii6, major		ii6, major		ii	ii	2		1	1	1	3	0	A	C	G	G	minor triad	1	True	True	True	True	True	2	2	2	True	True	False
376	4	94.0	50	2	D	0	3.0	3	4	4	3	1	1/4	True	0	24	24	24	24a	3	94	False	True				False	94	V7		G	I		V7	V		7			Mm7	False	False	(1, 5, 2, -1)	()	1	1	major	major	I	I, major	V		I	I	False	V7	V7, major		V7, major		V	V7	5		1	1	1	2	2	D	D	G	G	dominant seventh chord	7	True	True	True	True	True	1	1	1	True	True	True
376	4	94.0	50	2	D	0	3.0	3	4	4	4	1	1/4	True	0	24	24	24	24a	3	94	False	True				False	94	V7		G	I		V7	V		7			Mm7	False	False	(1, 5, 2, -1)	()	1	1	major	major	I	I, major	V		I	I	False	V7	V7, major		V7, major		V	V7	5		1	1	1	2	2	D	D	G	G	dominant seventh chord	7	True	True	True	True	True	1	1	1	True	True	True
376	2	94.0	78	6	F	1	3.0	3	4	4	1	1	1/8	True	0	24	24	24	24a	5	94	False	True				False	94	V7		G	I		V7	V		7			Mm7	False	False	(1, 5, 2, -1)	()	1	1	major	major	I	I, major	V		I	I	False	V7	V7, major		V7, major		V	V7	5		1	1	1	2	2	D	D	G	G	dominant seventh chord	7	True	True	True	True	True	5	5	5	True	False	False
378	1	94.5	71	5	B	0	3.5	0	4	4	2	1	1/16	True	0	24	24	24	24a	4	189/2	False	False				False	94	V7		G	I		V7	V		7			Mm7	False	False	(1, 5, 2, -1)	()	1	1	major	major	I	I, major	V		I	I	False	V7	V7, major		V7, major		V	V7	5		1	1	1	2	2	D	D	G	G	dominant seventh chord	7	True	True	True	True	True	4	4	4	False	False	False
378	2	94.5	74	2	D	0	3.5	0	4	4	1	1	1/8	True	0	24	24	24	24a	5	189/2	False	False				False	94	V7		G	I		V7	V		7			Mm7	False	False	(1, 5, 2, -1)	()	1	1	major	major	I	I, major	V		I	I	False	V7	V7, major		V7, major		V	V7	5		1	1	1	2	2	D	D	G	G	dominant seventh chord	7	True	True	True	True	True	1	1	1	True	True	True
379	1	94.75	69	3	A	0	3.75	0	4	4	2	1	1/16	True	0	24	24	24	24a	4	379/4	False	False				False	94	V7		G	I		V7	V		7			Mm7	False	False	(1, 5, 2, -1)	()	1	1	major	major	I	I, major	V		I	I	False	V7	V7, major		V7, major		V	V7	5		1	1	1	2	2	D	D	G	G	dominant seventh chord	7	True	True	True	True	True	2	2	2	True	False	False
380	2	95.0	71	5	B	0	4.0	4	4	4	2	1	1/8	True	0	24	24	24	24a	4	95	False	True				False	95	i6		G	I		i6	i		6			m	False	False	(-3, 1, 0)	()	0	-3	major	major	I	I, major	i		I	I	False	i6	i6, major		i6, major		i	i	1		1	1	1	1	-2	G	Bb	G	G	minor triad	1	True	True	True	True	True	4	4	4	False	False	False
380	4	95.0	79	1	G	0	4.0	4	4	4	1	1	1/4	True	0	24	24	24	24a	5	95	False	True				False	95	i6		G	I		i6	i		6			m	False	False	(-3, 1, 0)	()	0	-3	major	major	I	I, major	i		I	I	False	i6	i6, major		i6, major		i	i	1		1	1	1	1	-2	G	Bb	G	G	minor triad	1	True	True	True	True	True	0	0	0	True	True	False
382	2	95.5	47	5	B	0	4.5	0	4	4	3	1	1/8	True	0	24	24	24	24a	2	191/2	False	False				False	95	i6		G	I		i6	i		6			m	False	False	(-3, 1, 0)	()	0	-3	major	major	I	I, major	i		I	I	False	i6	i6, major		i6, major		i	i	1		1	1	1	1	-2	G	Bb	G	G	minor triad	1	True	True	True	True	True	4	4	4	False	False	False
382	2	95.5	47	5	B	0	4.5	0	4	4	4	1	1/8	True	0	24	24	24	24a	2	191/2	False	False				False	95	i6		G	I		i6	i		6			m	False	False	(-3, 1, 0)	()	0	-3	major	major	I	I, major	i		I	I	False	i6	i6, major		i6, major		i	i	1		1	1	1	1	-2	G	Bb	G	G	minor triad	1	True	True	True	True	True	4	4	4	False	False	False
382	1	95.5	72	0	C	0	4.5	0	4	4	2	1	1/16	True	0	24	24	24	24a	5	191/2	False	False				False	95	i6		G	I		i6	i		6			m	False	False	(-3, 1, 0)	()	0	-3	major	major	I	I, major	i		I	I	False	i6	i6, major		i6, major		i	i	1		1	1	1	1	-2	G	Bb	G	G	minor triad	1	True	True	True	True	True	-1	-1	-1	False	False	False
383	1	95.75	71	5	B	0	4.75	0	4	4	2	1	1/16	True	0	24	24	24	24a	4	383/4	False	False				False	95	i6		G	I		i6	i		6			m	False	False	(-3, 1, 0)	()	0	-3	major	major	I	I, major	i		I	I	False	i6	i6, major		i6, major		i	i	1		1	1	1	1	-2	G	Bb	G	G	minor triad	1	True	True	True	True	True	4	4	4	False	False	False
384	2	96.0	48	0	C	0	1.0	1	4	4	3	1	1/8	True	0	25	25	25	25a	3	96	False	True				False	96	ii65		G	I		ii65	ii		65			mm7	False	False	(-1, 3, 0, 2)	()	2	-1	major	major	I	I, major	ii		I	I	False	ii65	ii65, major		ii65, major		ii	ii7	2		1	1	1	3	0	A	C	G	G		1	True	True	True	True	True	-1	-1	-1	True	False	True
384	2	96.0	48	0	C	0	1.0	1	4	4	4	1	1/8	True	0	25	25	25	25a	3	96	False	True				False	96	ii65		G	I		ii65	ii		65			mm7	False	False	(-1, 3, 0, 2)	()	2	-1	major	major	I	I, major	ii		I	I	False	ii65	ii65, major		ii65, major		ii	ii7	2		1	1	1	3	0	A	C	G	G		1	True	True	True	True	True	-1	-1	-1	True	False	True
384	4	96.0	69	3	A	0	1.0	1	4	4	2	1	1/4	True	0	25	25	25	25a	4	96	False	True				False	96	ii65		G	I		ii65	ii		65			mm7	False	False	(-1, 3, 0, 2)	()	2	-1	major	major	I	I, major	ii		I	I	False	ii65	ii65, major		ii65, major		ii	ii7	2		1	1	1	3	0	A	C	G	G		1	True	True	True	True	True	2	2	2	True	True	False
384	2	96.0	79	1	G	0	1.0	1	4	4	1	1	1/8	False	0	25	25	25	25a	5	96	False	True				False	96	ii65		G	I		ii65	ii		65			mm7	False	False	(-1, 3, 0, 2)	()	2	-1	major	major	I	I, major	ii		I	I	False	ii65	ii65, major		ii65, major		ii	ii7	2		1	1	1	3	0	A	C	G	G		1	True	True	True	True	True	0	0	0	True	False	False
386	2	96.5	45	3	A	0	1.5	0	4	4	3	1	1/8	True	0	25	25	25	25a	2	193/2	False	False				False	96	ii65		G	I		ii65	ii		65			mm7	False	False	(-1, 3, 0, 2)	()	2	-1	major	major	I	I, major	ii		I	I	False	ii65	ii65, major		ii65, major		ii	ii7	2		1	1	1	3	0	A	C	G	G		1	True	True	True	True	True	2	2	2	True	True	False
386	2	96.5	45	3	A	0	1.5	0	4	4	4	1	1/8	True	0	25	25	25	25a	2	193/2	False	False				False	96	ii65		G	I		ii65	ii		65			mm7	False	False	(-1, 3, 0, 2)	()	2	-1	major	major	I	I, major	ii		I	I	False	ii65	ii65, major		ii65, major		ii	ii7	2		1	1	1	3	0	A	C	G	G		1	True	True	True	True	True	2	2	2	True	True	False
386	1	96.5	81	3	A	0	1.5	0	4	4	1	1	1/16	True	0	25	25	25	25a	5	193/2	False	False				False	96	ii65		G	I		ii65	ii		65			mm7	False	False	(-1, 3, 0, 2)	()	2	-1	major	major	I	I, major	ii		I	I	False	ii65	ii65, major		ii65, major		ii	ii7	2		1	1	1	3	0	A	C	G	G		1	True	True	True	True	True	2	2	2	True	True	False
387	1	96.75	79	1	G	0	1.75	0	4	4	1	1	1/16	True	0	25	25	25	25a	5	387/4	False	False				False	96	ii65		G	I		ii65	ii		65			mm7	False	False	(-1, 3, 0, 2)	()	2	-1	major	major	I	I, major	ii		I	I	False	ii65	ii65, major		ii65, major		ii	ii7	2		1	1	1	3	0	A	C	G	G		1	True	True	True	True	True	0	0	0	True	False	False
388	2	97.0	50	2	D	0	2.0	2	4	4	3	1	1/8	True	0	25	25	25	25a	3	97	False	True				False	97	V		G	I		V	V					M	False	False	(1, 5, 2)	()	1	1	major	major	I	I, major	V		I	I	False	V	V, major		V, major		V	V	5		1	1	1	2	2	D	D	G	G	major triad	0	True	True	True	True	True	1	1	1	True	True	True
388	2	97.0	50	2	D	0	2.0	2	4	4	4	1	1/8	True	0	25	25	25	25a	3	97	False	True				False	97	V		G	I		V	V					M	False	False	(1, 5, 2)	()	1	1	major	major	I	I, major	V		I	I	False	V	V, major		V, major		V	V	5		1	1	1	2	2	D	D	G	G	major triad	0	True	True	True	True	True	1	1	1	True	True	True
388	2	97.0	78	6	F	1	2.0	2	4	4	1	1	1/8	True	0	25	25	25	25a	5	97	False	True				False	97	V		G	I		V	V					M	False	False	(1, 5, 2)	()	1	1	major	major	I	I, major	V		I	I	False	V	V, major		V, major		V	V	5		1	1	1	2	2	D	D	G	G	major triad	0	True	True	True	True	True	5	5	5	True	False	False
388	6	97.0	81	3	A	0	2.0	2	4	4	2	1	3/8	True	0	25	25	25	25a	5	97	False	True				False	97	V		G	I		V	V					M	False	False	(1, 5, 2)	()	1	1	major	major	I	I, major	V		I	I	False	V	V, major		V, major		V	V	5		1	1	1	2	2	D	D	G	G	major triad	0	True	True	True	True	True	2	2	2	True	False	False
390	2	97.5	38	2	D	0	2.5	0	4	4	3	1	1/8	True	0	25	25	25	25a	2	195/2	False	False				False	97	V		G	I		V	V					M	False	False	(1, 5, 2)	()	1	1	major	major	I	I, major	V		I	I	False	V	V, major		V, major		V	V	5		1	1	1	2	2	D	D	G	G	major triad	0	True	True	True	True	True	1	1	1	True	True	True
390	2	97.5	38	2	D	0	2.5	0	4	4	4	1	1/8	True	0	25	25	25	25a	2	195/2	False	False				False	97	V		G	I		V	V					M	False	False	(1, 5, 2)	()	1	1	major	major	I	I, major	V		I	I	False	V	V, major		V, major		V	V	5		1	1	1	2	2	D	D	G	G	major triad	0	True	True	True	True	True	1	1	1	True	True	True
390	1	97.5	79	1	G	0	2.5	0	4	4	1	1	1/16	True	0	25	25	25	25a	5	195/2	False	False				False	97	V		G	I		V	V					M	False	False	(1, 5, 2)	()	1	1	major	major	I	I, major	V		I	I	False	V	V, major		V, major		V	V	5		1	1	1	2	2	D	D	G	G	major triad	0	True	True	True	True	True	0	0	0	False	False	False
391	1	97.75	81	3	A	0	2.75	0	4	4	1	1	1/16	True	0	25	25	25	25a	5	391/4	False	False				False	97	V		G	I		V	V					M	False	False	(1, 5, 2)	()	1	1	major	major	I	I, major	V		I	I	False	V	V, major		V, major		V	V	5		1	1	1	2	2	D	D	G	G	major triad	0	True	True	True	True	True	2	2	2	True	False	False
392	2	98.0	43	1	G	0	3.0	3	4	4	3	1	1/8	True	0	25	25	25	25a	2	98	False	True				False	98	I(9)		G	I		I(9)	I			9		M	False	False	(0, 4, 1)	(2,)	0	0	major	major	I	I, major	I		I	I	False	I	I, major		I(9), major		I	I	1		1	1	1	1	1	G	G	G	G	major triad	0	True	True	True	True	True	0	0	0	True	True	True
392	2	98.0	43	1	G	0	3.0	3	4	4	4	1	1/8	True	0	25	25	25	25a	2	98	False	True				False	98	I(9)		G	I		I(9)	I			9		M	False	False	(0, 4, 1)	(2,)	0	0	major	major	I	I, major	I		I	I	False	I	I, major		I(9), major		I	I	1		1	1	1	1	1	G	G	G	G	major triad	0	True	True	True	True	True	0	0	0	True	True	True
392	6	98.0	83	5	B	0	3.0	3	4	4	1	1	3/8	True	0	25	25	25	25a	5	98	False	True				False	98	I(9)		G	I		I(9)	I			9		M	False	False	(0, 4, 1)	(2,)	0	0	major	major	I	I, major	I		I	I	False	I	I, major		I(9), major		I	I	1		1	1	1	1	1	G	G	G	G	major triad	0	True	True	True	True	True	4	4	4	True	False	False
394	2	98.5	55	1	G	0	3.5	0	4	4	3	1	1/8	True	0	25	25	25	25a	3	197/2	False	False				False	98	I(9)		G	I		I(9)	I			9		M	False	False	(0, 4, 1)	(2,)	0	0	major	major	I	I, major	I		I	I	False	I	I, major		I(9), major		I	I	1		1	1	1	1	1	G	G	G	G	major triad	0	True	True	True	True	True	0	0	0	True	True	True
394	2	98.5	55	1	G	0	3.5	0	4	4	4	1	1/8	True	0	25	25	25	25a	3	197/2	False	False				False	98	I(9)		G	I		I(9)	I			9		M	False	False	(0, 4, 1)	(2,)	0	0	major	major	I	I, major	I		I	I	False	I	I, major		I(9), major		I	I	1		1	1	1	1	1	G	G	G	G	major triad	0	True	True	True	True	True	0	0	0	True	True	True
394	2	98.5	74	2	D	0	3.5	0	4	4	2	1	1/8	True	0	25	25	25	25a	5	197/2	False	False				False	98	I(9)		G	I		I(9)	I			9		M	False	False	(0, 4, 1)	(2,)	0	0	major	major	I	I, major	I		I	I	False	I	I, major		I(9), major		I	I	1		1	1	1	1	1	G	G	G	G	major triad	0	True	True	True	True	True	1	1	1	True	False	False
396	2	99.0	59	5	B	0	4.0	4	4	4	3	1	1/8	True	0	25	25	25	25a	3	99	False	True				False	99	I6		G	I		I6	I		6			M	False	False	(4, 1, 0)	()	0	4	major	major	I	I, major	I		I	I	False	I6	I6, major		I6, major		I	I	1		1	1	1	1	5	G	B	G	G	major triad	1	True	True	True	True	True	4	4	4	True	False	True
396	2	99.0	59	5	B	0	4.0	4	4	4	4	1	1/8	True	0	25	25	25	25a	3	99	False	True				False	99	I6		G	I		I6	I		6			M	False	False	(4, 1, 0)	()	0	4	major	major	I	I, major	I		I	I	False	I6	I6, major		I6, major		I	I	1		1	1	1	1	5	G	B	G	G	major triad	1	True	True	True	True	True	4	4	4	True	False	True
396	4	99.0	79	1	G	0	4.0	4	4	4	2	1	1/4	True	0	25	25	25	25a	5	99	False	True				False	99	I6		G	I		I6	I		6			M	False	False	(4, 1, 0)	()	0	4	major	major	I	I, major	I		I	I	False	I6	I6, major		I6, major		I	I	1		1	1	1	1	5	G	B	G	G	major triad	1	True	True	True	True	True	0	0	0	True	True	False
398	2	99.5	55	1	G	0	4.5	0	4	4	3	1	1/8	True	0	25	25	25	25a	3	199/2	False	False				False	99	I6		G	I		I6	I		6			M	False	False	(4, 1, 0)	()	0	4	major	major	I	I, major	I		I	I	False	I6	I6, major		I6, major		I	I	1		1	1	1	1	5	G	B	G	G	major triad	1	True	True	True	True	True	0	0	0	True	True	False
398	2	99.5	55	1	G	0	4.5	0	4	4	4	1	1/8	True	0	25	25	25	25a	3	199/2	False	False				False	99	I6		G	I		I6	I		6			M	False	False	(4, 1, 0)	()	0	4	major	major	I	I, major	I		I	I	False	I6	I6, major		I6, major		I	I	1		1	1	1	1	5	G	B	G	G	major triad	1	True	True	True	True	True	0	0	0	True	True	False
398	1	99.5	81	3	A	0	4.5	0	4	4	1	1	1/16	True	0	25	25	25	25a	5	199/2	False	False				False	99	I6		G	I		I6	I		6			M	False	False	(4, 1, 0)	()	0	4	major	major	I	I, major	I		I	I	False	I6	I6, major		I6, major		I	I	1		1	1	1	1	5	G	B	G	G	major triad	1	True	True	True	True	True	2	2	2	False	False	False
399	1	99.75	79	1	G	0	4.75	0	4	4	1	1	1/16	True	0	25	25	25	25a	5	399/4	False	False				False	99	I6		G	I		I6	I		6			M	False	False	(4, 1, 0)	()	0	4	major	major	I	I, major	I		I	I	False	I6	I6, major		I6, major		I	I	1		1	1	1	1	5	G	B	G	G	major triad	1	True	True	True	True	True	0	0	0	True	True	False
400	2	100.0	62	2	D	0	1.0	1	4	4	3	1	1/8	True	0	26	26	26	26a	4	100	False	True				False	100	V(4)		G	I		V(4)	V			4		M	False	False	(1, 0, 2)	()	1	1	major	major	I	I, major	V		I	I	False	V	V, major		V(4), major		V	V	5		1	1	1	2	2	D	D	G	G	major triad	0	True	True	True	True	True	1	1	1	True	True	True
400	2	100.0	62	2	D	0	1.0	1	4	4	4	1	1/8	True	0	26	26	26	26a	4	100	False	True				False	100	V(4)		G	I		V(4)	V			4		M	False	False	(1, 0, 2)	()	1	1	major	major	I	I, major	V		I	I	False	V	V, major		V(4), major		V	V	5		1	1	1	2	2	D	D	G	G	major triad	0	True	True	True	True	True	1	1	1	True	True	True
400	2	100.0	79	1	G	0	1.0	1	4	4	2	1	1/8	False	0	26	26	26	26a	5	100	False	True				False	100	V(4)		G	I		V(4)	V			4		M	False	False	(1, 0, 2)	()	1	1	major	major	I	I, major	V		I	I	False	V	V, major		V(4), major		V	V	5		1	1	1	2	2	D	D	G	G	major triad	0	True	True	True	True	True	0	0	0	True	False	False
400	2	100.0	81	3	A	0	1.0	1	4	4	1	1	1/8	True	0	26	26	26	26a	5	100	False	True				False	100	V(4)		G	I		V(4)	V			4		M	False	False	(1, 0, 2)	()	1	1	major	major	I	I, major	V		I	I	False	V	V, major		V(4), major		V	V	5		1	1	1	2	2	D	D	G	G	major triad	0	True	True	True	True	True	2	2	2	True	False	False
402	2	100.5	50	2	D	0	1.5	0	4	4	3	1	1/8	True	0	26	26	26	26a	3	201/2	False	False				False	100	V(4)		G	I		V(4)	V			4		M	False	False	(1, 0, 2)	()	1	1	major	major	I	I, major	V		I	I	False	V	V, major		V(4), major		V	V	5		1	1	1	2	2	D	D	G	G	major triad	0	True	True	True	True	True	1	1	1	True	True	True
402	2	100.5	50	2	D	0	1.5	0	4	4	4	1	1/8	True	0	26	26	26	26a	3	201/2	False	False				False	100	V(4)		G	I		V(4)	V			4		M	False	False	(1, 0, 2)	()	1	1	major	major	I	I, major	V		I	I	False	V	V, major		V(4), major		V	V	5		1	1	1	2	2	D	D	G	G	major triad	0	True	True	True	True	True	1	1	1	True	True	True
402	2	100.5	69	3	A	0	1.5	0	4	4	1	1	1/8	True	0	26	26	26	26a	4	201/2	False	False				False	100	V(4)		G	I		V(4)	V			4		M	False	False	(1, 0, 2)	()	1	1	major	major	I	I, major	V		I	I	False	V	V, major		V(4), major		V	V	5		1	1	1	2	2	D	D	G	G	major triad	0	True	True	True	True	True	2	2	2	True	False	False
402	1	100.5	81	3	A	0	1.5	0	4	4	2	1	1/16	True	0	26	26	26	26a	5	201/2	False	False				False	100	V(4)		G	I		V(4)	V			4		M	False	False	(1, 0, 2)	()	1	1	major	major	I	I, major	V		I	I	False	V	V, major		V(4), major		V	V	5		1	1	1	2	2	D	D	G	G	major triad	0	True	True	True	True	True	2	2	2	True	False	False
403	1	100.75	79	1	G	0	1.75	0	4	4	2	1	1/16	True	0	26	26	26	26a	5	403/4	False	False				False	100	V(4)		G	I		V(4)	V			4		M	False	False	(1, 0, 2)	()	1	1	major	major	I	I, major	V		I	I	False	V	V, major		V(4), major		V	V	5		1	1	1	2	2	D	D	G	G	major triad	0	True	True	True	True	True	0	0	0	True	False	False
404	2	101.0	54	6	F	1	2.0	2	4	4	3	1	1/8	True	0	26	26	26	26a	3	101	False	True				False	101	V6		G	I		V6	V		6			M	False	False	(5, 2, 1)	()	1	5	major	major	I	I, major	V		I	I	False	V6	V6, major		V6, major		V	V	5		1	1	1	2	6	D	F#	G	G	major triad	1	True	True	True	True	True	5	5	5	True	False	True
404	2	101.0	54	6	F	1	2.0	2	4	4	4	1	1/8	True	0	26	26	26	26a	3	101	False	True				False	101	V6		G	I		V6	V		6			M	False	False	(5, 2, 1)	()	1	5	major	major	I	I, major	V		I	I	False	V6	V6, major		V6, major		V	V	5		1	1	1	2	6	D	F#	G	G	major triad	1	True	True	True	True	True	5	5	5	True	False	True
404	8	101.0	74	2	D	0	2.0	2	4	4	1	1	1/2	True	0	26	26	26	26a	5	101	False	True				False	101	V6		G	I		V6	V		6			M	False	False	(5, 2, 1)	()	1	5	major	major	I	I, major	V		I	I	False	V6	V6, major		V6, major		V	V	5		1	1	1	2	6	D	F#	G	G	major triad	1	True	True	True	True	True	1	1	1	True	True	False
404	2	101.0	78	6	F	1	2.0	2	4	4	2	1	1/8	True	0	26	26	26	26a	5	101	False	True				False	101	V6		G	I		V6	V		6			M	False	False	(5, 2, 1)	()	1	5	major	major	I	I, major	V		I	I	False	V6	V6, major		V6, major		V	V	5		1	1	1	2	6	D	F#	G	G	major triad	1	True	True	True	True	True	5	5	5	True	False	True
406	2	101.5	50	2	D	0	2.5	0	4	4	3	1	1/8	True	0	26	26	26	26a	3	203/2	False	False				False	101	V6		G	I		V6	V		6			M	False	False	(5, 2, 1)	()	1	5	major	major	I	I, major	V		I	I	False	V6	V6, major		V6, major		V	V	5		1	1	1	2	6	D	F#	G	G	major triad	1	True	True	True	True	True	1	1	1	True	True	False
406	2	101.5	50	2	D	0	2.5	0	4	4	4	1	1/8	True	0	26	26	26	26a	3	203/2	False	False				False	101	V6		G	I		V6	V		6			M	False	False	(5, 2, 1)	()	1	5	major	major	I	I, major	V		I	I	False	V6	V6, major		V6, major		V	V	5		1	1	1	2	6	D	F#	G	G	major triad	1	True	True	True	True	True	1	1	1	True	True	False
406	1	101.5	79	1	G	0	2.5	0	4	4	2	1	1/16	True	0	26	26	26	26a	5	203/2	False	False				False	101	V6		G	I		V6	V		6			M	False	False	(5, 2, 1)	()	1	5	major	major	I	I, major	V		I	I	False	V6	V6, major		V6, major		V	V	5		1	1	1	2	6	D	F#	G	G	major triad	1	True	True	True	True	True	0	0	0	False	False	False
407	1	101.75	78	6	F	1	2.75	0	4	4	2	1	1/16	True	0	26	26	26	26a	5	407/4	False	False				False	101	V6		G	I		V6	V		6			M	False	False	(5, 2, 1)	()	1	5	major	major	I	I, major	V		I	I	False	V6	V6, major		V6, major		V	V	5		1	1	1	2	6	D	F#	G	G	major triad	1	True	True	True	True	True	5	5	5	True	False	True
408	2	102.0	55	1	G	0	3.0	3	4	4	3	1	1/8	True	0	26	26	26	26a	3	102	False	True				False	102	ii65/V		G	I		ii65/V	ii		65		V	mm7	False	False	(0, 4, 1, 3)	()	3	0	major	major	I	I, major	ii/V	V	V/I	V	False	ii65/V	ii65/V, major		ii65/V, major	V	V	ii7	2	5	1	1	2	4	1	E	G	G	D		1	True	True	True	True	True	0	0	-1	True	False	True
408	2	102.0	55	1	G	0	3.0	3	4	4	4	1	1/8	True	0	26	26	26	26a	3	102	False	True				False	102	ii65/V		G	I		ii65/V	ii		65		V	mm7	False	False	(0, 4, 1, 3)	()	3	0	major	major	I	I, major	ii/V	V	V/I	V	False	ii65/V	ii65/V, major		ii65/V, major	V	V	ii7	2	5	1	1	2	4	1	E	G	G	D		1	True	True	True	True	True	0	0	-1	True	False	True
408	8	102.0	76	4	E	0	3.0	3	4	4	2	1	1/2	True	0	26	26	26	26a	5	102	False	True				False	102	ii65/V		G	I		ii65/V	ii		65		V	mm7	False	False	(0, 4, 1, 3)	()	3	0	major	major	I	I, major	ii/V	V	V/I	V	False	ii65/V	ii65/V, major		ii65/V, major	V	V	ii7	2	5	1	1	2	4	1	E	G	G	D		1	True	True	True	True	True	3	3	2	True	True	False
410	2	102.5	52	4	E	0	3.5	0	4	4	3	1	1/8	True	0	26	26	26	26a	3	205/2	False	False				False	102	ii65/V		G	I		ii65/V	ii		65		V	mm7	False	False	(0, 4, 1, 3)	()	3	0	major	major	I	I, major	ii/V	V	V/I	V	False	ii65/V	ii65/V, major		ii65/V, major	V	V	ii7	2	5	1	1	2	4	1	E	G	G	D		1	True	True	True	True	True	3	3	2	True	True	False
410	2	102.5	52	4	E	0	3.5	0	4	4	4	1	1/8	True	0	26	26	26	26a	3	205/2	False	False				False	102	ii65/V		G	I		ii65/V	ii		65		V	mm7	False	False	(0, 4, 1, 3)	()	3	0	major	major	I	I, major	ii/V	V	V/I	V	False	ii65/V	ii65/V, major		ii65/V, major	V	V	ii7	2	5	1	1	2	4	1	E	G	G	D		1	True	True	True	True	True	3	3	2	True	True	False
412	2	103.0	57	3	A	0	4.0	4	4	4	3	1	1/8	True	0	26	26	26	26a	3	103	False	True				False	103	V/V		G	I		V/V	V				V	M	False	False	(2, 6, 3)	()	2	2	major	major	I	I, major	V/V	V	V/I	V	False	V/V	V/V, major		V/V, major	V	V	V	5	5	1	1	2	3	3	A	A	G	D	major triad	0	True	True	True	True	True	2	2	1	True	True	True
412	2	103.0	57	3	A	0	4.0	4	4	4	4	1	1/8	True	0	26	26	26	26a	3	103	False	True				False	103	V/V		G	I		V/V	V				V	M	False	False	(2, 6, 3)	()	2	2	major	major	I	I, major	V/V	V	V/I	V	False	V/V	V/V, major		V/V, major	V	V	V	5	5	1	1	2	3	3	A	A	G	D	major triad	0	True	True	True	True	True	2	2	1	True	True	True
412	4	103.0	73	7	C	1	4.0	4	4	4	1	1	1/4	True	0	26	26	26	26a	5	103	False	True				False	103	V/V		G	I		V/V	V				V	M	False	False	(2, 6, 3)	()	2	2	major	major	I	I, major	V/V	V	V/I	V	False	V/V	V/V, major		V/V, major	V	V	V	5	5	1	1	2	3	3	A	A	G	D	major triad	0	True	True	True	True	True	6	6	5	True	False	False
414	2	103.5	45	3	A	0	4.5	0	4	4	3	1	1/8	True	0	26	26	26	26a	2	207/2	False	False				False	103	V/V		G	I		V/V	V				V	M	False	False	(2, 6, 3)	()	2	2	major	major	I	I, major	V/V	V	V/I	V	False	V/V	V/V, major		V/V, major	V	V	V	5	5	1	1	2	3	3	A	A	G	D	major triad	0	True	True	True	True	True	2	2	1	True	True	True
414	2	103.5	45	3	A	0	4.5	0	4	4	4	1	1/8	True	0	26	26	26	26a	2	207/2	False	False				False	103	V/V		G	I		V/V	V				V	M	False	False	(2, 6, 3)	()	2	2	major	major	I	I, major	V/V	V	V/I	V	False	V/V	V/V, major		V/V, major	V	V	V	5	5	1	1	2	3	3	A	A	G	D	major triad	0	True	True	True	True	True	2	2	1	True	True	True
416	8	104.0	50	2	D	0	1.0	1	4	4	3	1	1/2	True	0	27	27	27	27a	3	104	False	True	HC	HC	}{	True	104	V|HC}{		G	I		V	V					M	False	False	(1, 5, 2)	()	1	1	major	major	I	I, major	V		I	I	False	V	V, major		V, major		V	V	5		1	1	1	2	2	D	D	G	G	major triad	0	True	True	True	True	True	1	1	1	True	True	True
416	8	104.0	50	2	D	0	1.0	1	4	4	4	1	1/2	True	0	27	27	27	27a	3	104	False	True	HC	HC	}{	True	104	V|HC}{		G	I		V	V					M	False	False	(1, 5, 2)	()	1	1	major	major	I	I, major	V		I	I	False	V	V, major		V, major		V	V	5		1	1	1	2	2	D	D	G	G	major triad	0	True	True	True	True	True	1	1	1	True	True	True
416	2	104.0	74	2	D	0	1.0	1	4	4	2	1	1/8	True	0	27	27	27	27a	5	104	False	True	HC	HC	}{	True	104	V|HC}{		G	I		V	V					M	False	False	(1, 5, 2)	()	1	1	major	major	I	I, major	V		I	I	False	V	V, major		V, major		V	V	5		1	1	1	2	2	D	D	G	G	major triad	0	True	True	True	True	True	1	1	1	True	True	True
418	2	104.5	74	2	D	0	1.5	0	4	4	1	1	1/8	True	0	27	27	27	27a	5	209/2	False	False				False	104	V|HC}{		G	I		V	V					M	False	False	(1, 5, 2)	()	1	1	major	major	I	I, major	V		I	I	False	V	V, major		V, major		V	V	5		1	1	1	2	2	D	D	G	G	major triad	0	True	True	True	True	True	1	1	1	True	True	True
418	2	104.5	78	6	F	1	1.5	0	4	4	2	1	1/8	True	0	27	27	27	27a	5	209/2	False	False				False	104	V|HC}{		G	I		V	V					M	False	False	(1, 5, 2)	()	1	1	major	major	I	I, major	V		I	I	False	V	V, major		V, major		V	V	5		1	1	1	2	2	D	D	G	G	major triad	0	True	True	True	True	True	5	5	5	True	False	False
420	2	105.0	71	5	B	0	2.0	2	4	4	1	1	1/8	True	0	27	27	27	27a	4	105	False	False				False	104	V|HC}{		G	I		V	V					M	False	False	(1, 5, 2)	()	1	1	major	major	I	I, major	V		I	I	False	V	V, major		V, major		V	V	5		1	1	1	2	2	D	D	G	G	major triad	0	True	True	True	True	True	4	4	4	False	False	False
420	2	105.0	74	2	D	0	2.0	2	4	4	2	1	1/8	True	0	27	27	27	27a	5	105	False	False				False	104	V|HC}{		G	I		V	V					M	False	False	(1, 5, 2)	()	1	1	major	major	I	I, major	V		I	I	False	V	V, major		V, major		V	V	5		1	1	1	2	2	D	D	G	G	major triad	0	True	True	True	True	True	1	1	1	True	True	True
422	2	105.5	67	1	G	0	2.5	0	4	4	1	1	1/8	True	0	27	27	27	27a	4	211/2	False	False				False	104	V|HC}{		G	I		V	V					M	False	False	(1, 5, 2)	()	1	1	major	major	I	I, major	V		I	I	False	V	V, major		V, major		V	V	5		1	1	1	2	2	D	D	G	G	major triad	0	True	True	True	True	True	0	0	0	False	False	False
422	2	105.5	71	5	B	0	2.5	0	4	4	2	1	1/8	True	0	27	27	27	27a	4	211/2	False	False				False	104	V|HC}{		G	I		V	V					M	False	False	(1, 5, 2)	()	1	1	major	major	I	I, major	V		I	I	False	V	V, major		V, major		V	V	5		1	1	1	2	2	D	D	G	G	major triad	0	True	True	True	True	True	4	4	4	False	False	False
424	2	106.0	64	4	E	0	3.0	3	4	4	1	1	1/8	True	0	27	27	27	27a	4	106	False	True				False	105	iii		G	I		iii	iii					m	False	False	(4, 1, 5)	()	4	4	major	major	I	I, major	iii		I	I	False	iii	iii, major		iii, major		iii	iii	3		1	1	1	5	5	B	B	G	G	minor triad	0	True	True	True	True	True	3	3	3	False	False	False
424	2	106.0	67	1	G	0	3.0	3	4	4	2	1	1/8	True	0	27	27	27	27a	4	106	False	True				False	105	iii		G	I		iii	iii					m	False	False	(4, 1, 5)	()	4	4	major	major	I	I, major	iii		I	I	False	iii	iii, major		iii, major		iii	iii	3		1	1	1	5	5	B	B	G	G	minor triad	0	True	True	True	True	True	0	0	0	False	False	False
426	2	106.5	76	4	E	0	3.5	0	4	4	1	1	1/8	True	0	27	27	27	27a	5	213/2	False	False				False	105	iii		G	I		iii	iii					m	False	False	(4, 1, 5)	()	4	4	major	major	I	I, major	iii		I	I	False	iii	iii, major		iii, major		iii	iii	3		1	1	1	5	5	B	B	G	G	minor triad	0	True	True	True	True	True	3	3	3	False	False	False
426	2	106.5	79	1	G	0	3.5	0	4	4	2	1	1/8	True	0	27	27	27	27a	5	213/2	False	False				False	105	iii		G	I		iii	iii					m	False	False	(4, 1, 5)	()	4	4	major	major	I	I, major	iii		I	I	False	iii	iii, major		iii, major		iii	iii	3		1	1	1	5	5	B	B	G	G	minor triad	0	True	True	True	True	True	0	0	0	False	False	False
428	1	107.0	72	0	C	0	4.0	4	4	4	1	1	1/16	True	0	27	27	27	27a	5	107	False	True				False	106	ii6		G	I		ii6	ii		6			m	False	False	(-1, 3, 2)	()	2	-1	major	major	I	I, major	ii		I	I	False	ii6	ii6, major		ii6, major		ii	ii	2		1	1	1	3	0	A	C	G	G	minor triad	1	True	True	True	True	True	-1	-1	-1	True	False	True
428	1	107.0	76	4	E	0	4.0	4	4	4	2	1	1/16	True	0	27	27	27	27a	5	107	False	True				False	106	ii6		G	I		ii6	ii		6			m	False	False	(-1, 3, 2)	()	2	-1	major	major	I	I, major	ii		I	I	False	ii6	ii6, major		ii6, major		ii	ii	2		1	1	1	3	0	A	C	G	G	minor triad	1	True	True	True	True	True	3	3	3	True	False	False
429	1	107.25	71	5	B	0	4.25	0	4	4	1	1	1/16	True	0	27	27	27	27a	4	429/4	False	False				False	106	ii6		G	I		ii6	ii		6			m	False	False	(-1, 3, 2)	()	2	-1	major	major	I	I, major	ii		I	I	False	ii6	ii6, major		ii6, major		ii	ii	2		1	1	1	3	0	A	C	G	G	minor triad	1	True	True	True	True	True	4	4	4	False	False	False
429	1	107.25	74	2	D	0	4.25	0	4	4	2	1	1/16	True	0	27	27	27	27a	5	429/4	False	False				False	106	ii6		G	I		ii6	ii		6			m	False	False	(-1, 3, 2)	()	2	-1	major	major	I	I, major	ii		I	I	False	ii6	ii6, major		ii6, major		ii	ii	2		1	1	1	3	0	A	C	G	G	minor triad	1	True	True	True	True	True	1	1	1	False	False	False
430	1	107.5	69	3	A	0	4.5	0	4	4	1	1	1/16	True	0	27	27	27	27a	4	215/2	False	False				False	106	ii6		G	I		ii6	ii		6			m	False	False	(-1, 3, 2)	()	2	-1	major	major	I	I, major	ii		I	I	False	ii6	ii6, major		ii6, major		ii	ii	2		1	1	1	3	0	A	C	G	G	minor triad	1	True	True	True	True	True	2	2	2	True	True	False
430	1	107.5	72	0	C	0	4.5	0	4	4	2	1	1/16	True	0	27	27	27	27a	5	215/2	False	False				False	106	ii6		G	I		ii6	ii		6			m	False	False	(-1, 3, 2)	()	2	-1	major	major	I	I, major	ii		I	I	False	ii6	ii6, major		ii6, major		ii	ii	2		1	1	1	3	0	A	C	G	G	minor triad	1	True	True	True	True	True	-1	-1	-1	True	False	True
431	1	107.75	67	1	G	0	4.75	0	4	4	1	1	1/16	True	0	27	27	27	27a	4	431/4	False	False				False	106	ii6		G	I		ii6	ii		6			m	False	False	(-1, 3, 2)	()	2	-1	major	major	I	I, major	ii		I	I	False	ii6	ii6, major		ii6, major		ii	ii	2		1	1	1	3	0	A	C	G	G	minor triad	1	True	True	True	True	True	0	0	0	False	False	False
431	1	107.75	71	5	B	0	4.75	0	4	4	2	1	1/16	True	0	27	27	27	27a	4	431/4	False	False				False	106	ii6		G	I		ii6	ii		6			m	False	False	(-1, 3, 2)	()	2	-1	major	major	I	I, major	ii		I	I	False	ii6	ii6, major		ii6, major		ii	ii	2		1	1	1	3	0	A	C	G	G	minor triad	1	True	True	True	True	True	4	4	4	False	False	False
432	2	108.0	66	6	F	1	1.0	1	4	4	1	1	1/8	True	0	28	28	28	28a	4	108	False	True				False	107	V		G	I		V	V					M	False	False	(1, 5, 2)	()	1	1	major	major	I	I, major	V		I	I	False	V	V, major		V, major		V	V	5		1	1	1	2	2	D	D	G	G	major triad	0	True	True	True	True	True	5	5	5	True	False	False
432	2	108.0	69	3	A	0	1.0	1	4	4	2	1	1/8	True	0	28	28	28	28a	4	108	False	True				False	107	V		G	I		V	V					M	False	False	(1, 5, 2)	()	1	1	major	major	I	I, major	V		I	I	False	V	V, major		V, major		V	V	5		1	1	1	2	2	D	D	G	G	major triad	0	True	True	True	True	True	2	2	2	True	False	False
434	2	108.5	78	6	F	1	1.5	0	4	4	1	1	1/8	True	0	28	28	28	28a	5	217/2	False	False				False	107	V		G	I		V	V					M	False	False	(1, 5, 2)	()	1	1	major	major	I	I, major	V		I	I	False	V	V, major		V, major		V	V	5		1	1	1	2	2	D	D	G	G	major triad	0	True	True	True	True	True	5	5	5	True	False	False
434	2	108.5	81	3	A	0	1.5	0	4	4	2	1	1/8	True	0	28	28	28	28a	5	217/2	False	False				False	107	V		G	I		V	V					M	False	False	(1, 5, 2)	()	1	1	major	major	I	I, major	V		I	I	False	V	V, major		V, major		V	V	5		1	1	1	2	2	D	D	G	G	major triad	0	True	True	True	True	True	2	2	2	True	False	False
436	2	109.0	74	2	D	0	2.0	2	4	4	1	1	1/8	True	0	28	28	28	28a	5	109	False	True				False	108	iii6		G	I		iii6	iii		6			m	False	False	(1, 5, 4)	()	4	1	major	major	I	I, major	iii		I	I	False	iii6	iii6, major		iii6, major		iii	iii	3		1	1	1	5	2	B	D	G	G	minor triad	1	True	True	True	True	True	1	1	1	True	False	True
436	2	109.0	78	6	F	1	2.0	2	4	4	2	1	1/8	True	0	28	28	28	28a	5	109	False	True				False	108	iii6		G	I		iii6	iii		6			m	False	False	(1, 5, 4)	()	4	1	major	major	I	I, major	iii		I	I	False	iii6	iii6, major		iii6, major		iii	iii	3		1	1	1	5	2	B	D	G	G	minor triad	1	True	True	True	True	True	5	5	5	True	False	False
438	2	109.5	71	5	B	0	2.5	0	4	4	1	1	1/8	True	0	28	28	28	28a	4	219/2	False	False				False	108	iii6		G	I		iii6	iii		6			m	False	False	(1, 5, 4)	()	4	1	major	major	I	I, major	iii		I	I	False	iii6	iii6, major		iii6, major		iii	iii	3		1	1	1	5	2	B	D	G	G	minor triad	1	True	True	True	True	True	4	4	4	True	True	False
438	2	109.5	74	2	D	0	2.5	0	4	4	2	1	1/8	True	0	28	28	28	28a	5	219/2	False	False				False	108	iii6		G	I		iii6	iii		6			m	False	False	(1, 5, 4)	()	4	1	major	major	I	I, major	iii		I	I	False	iii6	iii6, major		iii6, major		iii	iii	3		1	1	1	5	2	B	D	G	G	minor triad	1	True	True	True	True	True	1	1	1	True	False	True
440	4	110.0	67	1	G	0	3.0	3	4	4	1	1	1/4	True	0	28	28	28	28a	4	110	False	True				False	109	I		G	I		I	I					M	False	False	(0, 4, 1)	()	0	0	major	major	I	I, major	I		I	I	False	I	I, major		I, major		I	I	1		1	1	1	1	1	G	G	G	G	major triad	0	True	True	True	True	True	0	0	0	True	True	True
440	2	110.0	71	5	B	0	3.0	3	4	4	2	1	1/8	True	0	28	28	28	28a	4	110	False	True				False	109	I		G	I		I	I					M	False	False	(0, 4, 1)	()	0	0	major	major	I	I, major	I		I	I	False	I	I, major		I, major		I	I	1		1	1	1	1	1	G	G	G	G	major triad	0	True	True	True	True	True	4	4	4	True	False	False
442	2	110.5	55	1	G	0	3.5	0	4	4	3	1	1/8	True	0	28	28	28	28a	3	221/2	False	False				False	109	I		G	I		I	I					M	False	False	(0, 4, 1)	()	0	0	major	major	I	I, major	I		I	I	False	I	I, major		I, major		I	I	1		1	1	1	1	1	G	G	G	G	major triad	0	True	True	True	True	True	0	0	0	True	True	True
442	2	110.5	55	1	G	0	3.5	0	4	4	4	1	1/8	True	0	28	28	28	28a	3	221/2	False	False				False	109	I		G	I		I	I					M	False	False	(0, 4, 1)	()	0	0	major	major	I	I, major	I		I	I	False	I	I, major		I, major		I	I	1		1	1	1	1	1	G	G	G	G	major triad	0	True	True	True	True	True	0	0	0	True	True	True
442	2	110.5	67	1	G	0	3.5	0	4	4	2	1	1/8	True	0	28	28	28	28a	4	221/2	False	False				False	109	I		G	I		I	I					M	False	False	(0, 4, 1)	()	0	0	major	major	I	I, major	I		I	I	False	I	I, major		I, major		I	I	1		1	1	1	1	1	G	G	G	G	major triad	0	True	True	True	True	True	0	0	0	True	True	True
444	2	111.0	52	4	E	0	4.0	4	4	4	3	1	1/8	True	0	28	28	28	28a	3	111	False	True				False	110	IV6		G	I		IV6	IV		6			M	False	False	(3, 0, -1)	()	-1	3	major	major	I	I, major	IV		I	I	False	IV6	IV6, major		IV6, major		IV	IV	4		1	1	1	0	4	C	E	G	G	major triad	1	True	True	True	True	True	3	3	3	True	False	True
444	2	111.0	52	4	E	0	4.0	4	4	4	4	1	1/8	True	0	28	28	28	28a	3	111	False	True				False	110	IV6		G	I		IV6	IV		6			M	False	False	(3, 0, -1)	()	-1	3	major	major	I	I, major	IV		I	I	False	IV6	IV6, major		IV6, major		IV	IV	4		1	1	1	0	4	C	E	G	G	major triad	1	True	True	True	True	True	3	3	3	True	False	True
444	4	111.0	72	0	C	0	4.0	4	4	4	2	1	1/4	True	0	28	28	28	28a	5	111	False	True				False	110	IV6		G	I		IV6	IV		6			M	False	False	(3, 0, -1)	()	-1	3	major	major	I	I, major	IV		I	I	False	IV6	IV6, major		IV6, major		IV	IV	4		1	1	1	0	4	C	E	G	G	major triad	1	True	True	True	True	True	-1	-1	-1	True	True	False
446	2	111.5	48	0	C	0	4.5	0	4	4	3	1	1/8	True	0	28	28	28	28a	3	223/2	False	False				False	110	IV6		G	I		IV6	IV		6			M	False	False	(3, 0, -1)	()	-1	3	major	major	I	I, major	IV		I	I	False	IV6	IV6, major		IV6, major		IV	IV	4		1	1	1	0	4	C	E	G	G	major triad	1	True	True	True	True	True	-1	-1	-1	True	True	False
446	2	111.5	48	0	C	0	4.5	0	4	4	4	1	1/8	True	0	28	28	28	28a	3	223/2	False	False				False	110	IV6		G	I		IV6	IV		6			M	False	False	(3, 0, -1)	()	-1	3	major	major	I	I, major	IV		I	I	False	IV6	IV6, major		IV6, major		IV	IV	4		1	1	1	0	4	C	E	G	G	major triad	1	True	True	True	True	True	-1	-1	-1	True	True	False
446	2	111.5	76	4	E	0	4.5	0	4	4	1	1	1/8	True	0	28	28	28	28a	5	223/2	False	False				False	110	IV6		G	I		IV6	IV		6			M	False	False	(3, 0, -1)	()	-1	3	major	major	I	I, major	IV		I	I	False	IV6	IV6, major		IV6, major		IV	IV	4		1	1	1	0	4	C	E	G	G	major triad	1	True	True	True	True	True	3	3	3	True	False	True
448	2	112.0	45	3	A	0	1.0	1	4	4	3	1	1/8	True	0	29	29	29	29a	2	112	False	True				False	111	viio6		G	I		viio6	vii	o	6			o	False	False	(2, -1, 5)	()	5	2	major	major	I	I, major	vii		I	I	False	viio6	viio6, major		viio6, major		vii	viio	7		1	1	1	6	3	F#	A	G	G	diminished triad	1	True	True	True	True	True	2	2	2	True	False	True
448	2	112.0	45	3	A	0	1.0	1	4	4	4	1	1/8	True	0	29	29	29	29a	2	112	False	True				False	111	viio6		G	I		viio6	vii	o	6			o	False	False	(2, -1, 5)	()	5	2	major	major	I	I, major	vii		I	I	False	viio6	viio6, major		viio6, major		vii	viio	7		1	1	1	6	3	F#	A	G	G	diminished triad	1	True	True	True	True	True	2	2	2	True	False	True
448	2	112.0	72	0	C	0	1.0	1	4	4	2	1	1/8	False	0	29	29	29	29a	5	112	False	True				False	111	viio6		G	I		viio6	vii	o	6			o	False	False	(2, -1, 5)	()	5	2	major	major	I	I, major	vii		I	I	False	viio6	viio6, major		viio6, major		vii	viio	7		1	1	1	6	3	F#	A	G	G	diminished triad	1	True	True	True	True	True	-1	-1	-1	True	False	False
448	6	112.0	78	6	F	1	1.0	1	4	4	1	1	3/8	True	0	29	29	29	29a	5	112	False	True				False	111	viio6		G	I		viio6	vii	o	6			o	False	False	(2, -1, 5)	()	5	2	major	major	I	I, major	vii		I	I	False	viio6	viio6, major		viio6, major		vii	viio	7		1	1	1	6	3	F#	A	G	G	diminished triad	1	True	True	True	True	True	5	5	5	True	True	False
450	2	112.5	57	3	A	0	1.5	0	4	4	3	1	1/8	True	0	29	29	29	29a	3	225/2	False	False				False	111	viio6		G	I		viio6	vii	o	6			o	False	False	(2, -1, 5)	()	5	2	major	major	I	I, major	vii		I	I	False	viio6	viio6, major		viio6, major		vii	viio	7		1	1	1	6	3	F#	A	G	G	diminished triad	1	True	True	True	True	True	2	2	2	True	False	True
450	2	112.5	57	3	A	0	1.5	0	4	4	4	1	1/8	True	0	29	29	29	29a	3	225/2	False	False				False	111	viio6		G	I		viio6	vii	o	6			o	False	False	(2, -1, 5)	()	5	2	major	major	I	I, major	vii		I	I	False	viio6	viio6, major		viio6, major		vii	viio	7		1	1	1	6	3	F#	A	G	G	diminished triad	1	True	True	True	True	True	2	2	2	True	False	True
450	2	112.5	72	0	C	0	1.5	0	4	4	2	1	1/8	True	0	29	29	29	29a	5	225/2	False	False				False	111	viio6		G	I		viio6	vii	o	6			o	False	False	(2, -1, 5)	()	5	2	major	major	I	I, major	vii		I	I	False	viio6	viio6, major		viio6, major		vii	viio	7		1	1	1	6	3	F#	A	G	G	diminished triad	1	True	True	True	True	True	-1	-1	-1	True	False	False
452	1	113.0	54	6	F	1	2.0	2	4	4	3	1	1/16	True	0	29	29	29	29a	3	113	False	True				False	112	V6		G	I		V6	V		6			M	False	False	(5, 2, 1)	()	1	5	major	major	I	I, major	V		I	I	False	V6	V6, major		V6, major		V	V	5		1	1	1	2	6	D	F#	G	G	major triad	1	True	True	True	True	True	5	5	5	True	False	True
452	2	113.0	54	6	F	1	2.0	2	4	4	4	1	1/8	True	0	29	29	29	29a	3	113	False	True				False	112	V6		G	I		V6	V		6			M	False	False	(5, 2, 1)	()	1	5	major	major	I	I, major	V		I	I	False	V6	V6, major		V6, major		V	V	5		1	1	1	2	6	D	F#	G	G	major triad	1	True	True	True	True	True	5	5	5	True	False	True
452	6	113.0	74	2	D	0	2.0	2	4	4	2	1	3/8	True	0	29	29	29	29a	5	113	False	True				False	112	V6		G	I		V6	V		6			M	False	False	(5, 2, 1)	()	1	5	major	major	I	I, major	V		I	I	False	V6	V6, major		V6, major		V	V	5		1	1	1	2	6	D	F#	G	G	major triad	1	True	True	True	True	True	1	1	1	True	True	False
453	1	113.25	52	4	E	0	2.25	0	4	4	3	1	1/16	True	0	29	29	29	29a	3	453/4	False	False				False	112	V6		G	I		V6	V		6			M	False	False	(5, 2, 1)	()	1	5	major	major	I	I, major	V		I	I	False	V6	V6, major		V6, major		V	V	5		1	1	1	2	6	D	F#	G	G	major triad	1	True	True	True	True	True	3	3	3	False	False	False
454	1	113.5	50	2	D	0	2.5	0	4	4	3	1	1/16	True	0	29	29	29	29a	3	227/2	False	False				False	112	V6		G	I		V6	V		6			M	False	False	(5, 2, 1)	()	1	5	major	major	I	I, major	V		I	I	False	V6	V6, major		V6, major		V	V	5		1	1	1	2	6	D	F#	G	G	major triad	1	True	True	True	True	True	1	1	1	True	True	False
454	2	113.5	50	2	D	0	2.5	0	4	4	4	1	1/8	True	0	29	29	29	29a	3	227/2	False	False				False	112	V6		G	I		V6	V		6			M	False	False	(5, 2, 1)	()	1	5	major	major	I	I, major	V		I	I	False	V6	V6, major		V6, major		V	V	5		1	1	1	2	6	D	F#	G	G	major triad	1	True	True	True	True	True	1	1	1	True	True	False
454	2	113.5	78	6	F	1	2.5	0	4	4	1	1	1/8	True	0	29	29	29	29a	5	227/2	False	False				False	112	V6		G	I		V6	V		6			M	False	False	(5, 2, 1)	()	1	5	major	major	I	I, major	V		I	I	False	V6	V6, major		V6, major		V	V	5		1	1	1	2	6	D	F#	G	G	major triad	1	True	True	True	True	True	5	5	5	True	False	True
455	1	113.75	48	0	C	0	2.75	0	4	4	3	1	1/16	True	0	29	29	29	29a	3	455/4	False	False				False	112	V6		G	I		V6	V		6			M	False	False	(5, 2, 1)	()	1	5	major	major	I	I, major	V		I	I	False	V6	V6, major		V6, major		V	V	5		1	1	1	2	6	D	F#	G	G	major triad	1	True	True	True	True	True	-1	-1	-1	False	False	False
456	2	114.0	47	5	B	0	3.0	3	4	4	3	1	1/8	True	0	29	29	29	29a	2	114	False	True				False	113	I6		G	I		I6	I		6			M	False	False	(4, 1, 0)	()	0	4	major	major	I	I, major	I		I	I	False	I6	I6, major		I6, major		I	I	1		1	1	1	1	5	G	B	G	G	major triad	1	True	True	True	True	True	4	4	4	True	False	True
456	2	114.0	47	5	B	0	3.0	3	4	4	4	1	1/8	True	0	29	29	29	29a	2	114	False	True				False	113	I6		G	I		I6	I		6			M	False	False	(4, 1, 0)	()	0	4	major	major	I	I, major	I		I	I	False	I6	I6, major		I6, major		I	I	1		1	1	1	1	5	G	B	G	G	major triad	1	True	True	True	True	True	4	4	4	True	False	True
456	6	114.0	79	1	G	0	3.0	3	4	4	1	1	3/8	True	0	29	29	29	29a	5	114	False	True				False	113	I6		G	I		I6	I		6			M	False	False	(4, 1, 0)	()	0	4	major	major	I	I, major	I		I	I	False	I6	I6, major		I6, major		I	I	1		1	1	1	1	5	G	B	G	G	major triad	1	True	True	True	True	True	0	0	0	True	True	False
458	2	114.5	59	5	B	0	3.5	0	4	4	3	1	1/8	True	0	29	29	29	29a	3	229/2	False	False				False	113	I6		G	I		I6	I		6			M	False	False	(4, 1, 0)	()	0	4	major	major	I	I, major	I		I	I	False	I6	I6, major		I6, major		I	I	1		1	1	1	1	5	G	B	G	G	major triad	1	True	True	True	True	True	4	4	4	True	False	True
458	2	114.5	59	5	B	0	3.5	0	4	4	4	1	1/8	True	0	29	29	29	29a	3	229/2	False	False				False	113	I6		G	I		I6	I		6			M	False	False	(4, 1, 0)	()	0	4	major	major	I	I, major	I		I	I	False	I6	I6, major		I6, major		I	I	1		1	1	1	1	5	G	B	G	G	major triad	1	True	True	True	True	True	4	4	4	True	False	True
458	2	114.5	74	2	D	0	3.5	0	4	4	2	1	1/8	True	0	29	29	29	29a	5	229/2	False	False				False	113	I6		G	I		I6	I		6			M	False	False	(4, 1, 0)	()	0	4	major	major	I	I, major	I		I	I	False	I6	I6, major		I6, major		I	I	1		1	1	1	1	5	G	B	G	G	major triad	1	True	True	True	True	True	1	1	1	True	False	False
460	2	115.0	55	1	G	0	4.0	4	4	4	3	1	1/8	True	0	29	29	29	29a	3	115	False	True				False	114	vi6		G	I		vi6	vi		6			m	False	False	(0, 4, 3)	()	3	0	major	major	I	I, major	vi		I	I	False	vi6	vi6, major		vi6, major		vi	vi	6		1	1	1	4	1	E	G	G	G	minor triad	1	True	True	True	True	True	0	0	0	True	False	True
460	2	115.0	55	1	G	0	4.0	4	4	4	4	1	1/8	True	0	29	29	29	29a	3	115	False	True				False	114	vi6		G	I		vi6	vi		6			m	False	False	(0, 4, 3)	()	3	0	major	major	I	I, major	vi		I	I	False	vi6	vi6, major		vi6, major		vi	vi	6		1	1	1	4	1	E	G	G	G	minor triad	1	True	True	True	True	True	0	0	0	True	False	True
460	4	115.0	76	4	E	0	4.0	4	4	4	2	1	1/4	True	0	29	29	29	29a	5	115	False	True				False	114	vi6		G	I		vi6	vi		6			m	False	False	(0, 4, 3)	()	3	0	major	major	I	I, major	vi		I	I	False	vi6	vi6, major		vi6, major		vi	vi	6		1	1	1	4	1	E	G	G	G	minor triad	1	True	True	True	True	True	3	3	3	True	True	False
462	2	115.5	52	4	E	0	4.5	0	4	4	3	1	1/8	True	0	29	29	29	29a	3	231/2	False	False				False	114	vi6		G	I		vi6	vi		6			m	False	False	(0, 4, 3)	()	3	0	major	major	I	I, major	vi		I	I	False	vi6	vi6, major		vi6, major		vi	vi	6		1	1	1	4	1	E	G	G	G	minor triad	1	True	True	True	True	True	3	3	3	True	True	False
462	2	115.5	52	4	E	0	4.5	0	4	4	4	1	1/8	True	0	29	29	29	29a	3	231/2	False	False				False	114	vi6		G	I		vi6	vi		6			m	False	False	(0, 4, 3)	()	3	0	major	major	I	I, major	vi		I	I	False	vi6	vi6, major		vi6, major		vi	vi	6		1	1	1	4	1	E	G	G	G	minor triad	1	True	True	True	True	True	3	3	3	True	True	False
462	2	115.5	79	1	G	0	4.5	0	4	4	1	1	1/8	True	0	29	29	29	29a	5	231/2	False	False				False	114	vi6		G	I		vi6	vi		6			m	False	False	(0, 4, 3)	()	3	0	major	major	I	I, major	vi		I	I	False	vi6	vi6, major		vi6, major		vi	vi	6		1	1	1	4	1	E	G	G	G	minor triad	1	True	True	True	True	True	0	0	0	True	False	True
464	2	116.0	48	0	C	0	1.0	1	4	4	3	1	1/8	True	0	30	30	30	30a	3	116	False	True				False	115	ii6		G	I		ii6	ii		6			m	False	False	(-1, 3, 2)	()	2	-1	major	major	I	I, major	ii		I	I	False	ii6	ii6, major		ii6, major		ii	ii	2		1	1	1	3	0	A	C	G	G	minor triad	1	True	True	True	True	True	-1	-1	-1	True	False	True
464	2	116.0	48	0	C	0	1.0	1	4	4	4	1	1/8	True	0	30	30	30	30a	3	116	False	True				False	115	ii6		G	I		ii6	ii		6			m	False	False	(-1, 3, 2)	()	2	-1	major	major	I	I, major	ii		I	I	False	ii6	ii6, major		ii6, major		ii	ii	2		1	1	1	3	0	A	C	G	G	minor triad	1	True	True	True	True	True	-1	-1	-1	True	False	True
464	2	116.0	76	4	E	0	1.0	1	4	4	2	1	1/8	False	0	30	30	30	30a	5	116	False	True				False	115	ii6		G	I		ii6	ii		6			m	False	False	(-1, 3, 2)	()	2	-1	major	major	I	I, major	ii		I	I	False	ii6	ii6, major		ii6, major		ii	ii	2		1	1	1	3	0	A	C	G	G	minor triad	1	True	True	True	True	True	3	3	3	True	False	False
464	6	116.0	81	3	A	0	1.0	1	4	4	1	1	3/8	True	0	30	30	30	30a	5	116	False	True				False	115	ii6		G	I		ii6	ii		6			m	False	False	(-1, 3, 2)	()	2	-1	major	major	I	I, major	ii		I	I	False	ii6	ii6, major		ii6, major		ii	ii	2		1	1	1	3	0	A	C	G	G	minor triad	1	True	True	True	True	True	2	2	2	True	True	False
466	2	116.5	60	0	C	0	1.5	0	4	4	3	1	1/8	True	0	30	30	30	30a	4	233/2	False	False				False	115	ii6		G	I		ii6	ii		6			m	False	False	(-1, 3, 2)	()	2	-1	major	major	I	I, major	ii		I	I	False	ii6	ii6, major		ii6, major		ii	ii	2		1	1	1	3	0	A	C	G	G	minor triad	1	True	True	True	True	True	-1	-1	-1	True	False	True
466	2	116.5	60	0	C	0	1.5	0	4	4	4	1	1/8	True	0	30	30	30	30a	4	233/2	False	False				False	115	ii6		G	I		ii6	ii		6			m	False	False	(-1, 3, 2)	()	2	-1	major	major	I	I, major	ii		I	I	False	ii6	ii6, major		ii6, major		ii	ii	2		1	1	1	3	0	A	C	G	G	minor triad	1	True	True	True	True	True	-1	-1	-1	True	False	True
466	2	116.5	76	4	E	0	1.5	0	4	4	2	1	1/8	True	0	30	30	30	30a	5	233/2	False	False				False	115	ii6		G	I		ii6	ii		6			m	False	False	(-1, 3, 2)	()	2	-1	major	major	I	I, major	ii		I	I	False	ii6	ii6, major		ii6, major		ii	ii	2		1	1	1	3	0	A	C	G	G	minor triad	1	True	True	True	True	True	3	3	3	True	False	False
468	1	117.0	57	3	A	0	2.0	2	4	4	3	1	1/16	True	0	30	30	30	30a	3	117	False	True				False	116	viio6		G	I		viio6	vii	o	6			o	False	False	(2, -1, 5)	()	5	2	major	major	I	I, major	vii		I	I	False	viio6	viio6, major		viio6, major		vii	viio	7		1	1	1	6	3	F#	A	G	G	diminished triad	1	True	True	True	True	True	2	2	2	True	False	True
468	2	117.0	57	3	A	0	2.0	2	4	4	4	1	1/8	True	0	30	30	30	30a	3	117	False	True				False	116	viio6		G	I		viio6	vii	o	6			o	False	False	(2, -1, 5)	()	5	2	major	major	I	I, major	vii		I	I	False	viio6	viio6, major		viio6, major		vii	viio	7		1	1	1	6	3	F#	A	G	G	diminished triad	1	True	True	True	True	True	2	2	2	True	False	True
468	6	117.0	78	6	F	1	2.0	2	4	4	2	1	3/8	True	0	30	30	30	30a	5	117	False	True				False	116	viio6		G	I		viio6	vii	o	6			o	False	False	(2, -1, 5)	()	5	2	major	major	I	I, major	vii		I	I	False	viio6	viio6, major		viio6, major		vii	viio	7		1	1	1	6	3	F#	A	G	G	diminished triad	1	True	True	True	True	True	5	5	5	True	True	False
469	1	117.25	55	1	G	0	2.25	0	4	4	3	1	1/16	True	0	30	30	30	30a	3	469/4	False	False				False	116	viio6		G	I		viio6	vii	o	6			o	False	False	(2, -1, 5)	()	5	2	major	major	I	I, major	vii		I	I	False	viio6	viio6, major		viio6, major		vii	viio	7		1	1	1	6	3	F#	A	G	G	diminished triad	1	True	True	True	True	True	0	0	0	False	False	False
470	1	117.5	54	6	F	1	2.5	0	4	4	3	1	1/16	True	0	30	30	30	30a	3	235/2	False	False				False	116	viio6		G	I		viio6	vii	o	6			o	False	False	(2, -1, 5)	()	5	2	major	major	I	I, major	vii		I	I	False	viio6	viio6, major		viio6, major		vii	viio	7		1	1	1	6	3	F#	A	G	G	diminished triad	1	True	True	True	True	True	5	5	5	True	True	False
470	2	117.5	54	6	F	1	2.5	0	4	4	4	1	1/8	True	0	30	30	30	30a	3	235/2	False	False				False	116	viio6		G	I		viio6	vii	o	6			o	False	False	(2, -1, 5)	()	5	2	major	major	I	I, major	vii		I	I	False	viio6	viio6, major		viio6, major		vii	viio	7		1	1	1	6	3	F#	A	G	G	diminished triad	1	True	True	True	True	True	5	5	5	True	True	False
470	2	117.5	81	3	A	0	2.5	0	4	4	1	1	1/8	True	0	30	30	30	30a	5	235/2	False	False				False	116	viio6		G	I		viio6	vii	o	6			o	False	False	(2, -1, 5)	()	5	2	major	major	I	I, major	vii		I	I	False	viio6	viio6, major		viio6, major		vii	viio	7		1	1	1	6	3	F#	A	G	G	diminished triad	1	True	True	True	True	True	2	2	2	True	False	True
471	1	117.75	52	4	E	0	2.75	0	4	4	3	1	1/16	True	0	30	30	30	30a	3	471/4	False	False				False	116	viio6		G	I		viio6	vii	o	6			o	False	False	(2, -1, 5)	()	5	2	major	major	I	I, major	vii		I	I	False	viio6	viio6, major		viio6, major		vii	viio	7		1	1	1	6	3	F#	A	G	G	diminished triad	1	True	True	True	True	True	3	3	3	False	False	False
472	2	118.0	50	2	D	0	3.0	3	4	4	3	1	1/8	True	0	30	30	30	30a	3	118	False	True				False	117	iii6		G	I		iii6	iii		6			m	False	False	(1, 5, 4)	()	4	1	major	major	I	I, major	iii		I	I	False	iii6	iii6, major		iii6, major		iii	iii	3		1	1	1	5	2	B	D	G	G	minor triad	1	True	True	True	True	True	1	1	1	True	False	True
472	2	118.0	50	2	D	0	3.0	3	4	4	4	1	1/8	True	0	30	30	30	30a	3	118	False	True				False	117	iii6		G	I		iii6	iii		6			m	False	False	(1, 5, 4)	()	4	1	major	major	I	I, major	iii		I	I	False	iii6	iii6, major		iii6, major		iii	iii	3		1	1	1	5	2	B	D	G	G	minor triad	1	True	True	True	True	True	1	1	1	True	False	True
472	6	118.0	83	5	B	0	3.0	3	4	4	1	1	3/8	True	0	30	30	30	30a	5	118	False	True				False	117	iii6		G	I		iii6	iii		6			m	False	False	(1, 5, 4)	()	4	1	major	major	I	I, major	iii		I	I	False	iii6	iii6, major		iii6, major		iii	iii	3		1	1	1	5	2	B	D	G	G	minor triad	1	True	True	True	True	True	4	4	4	True	True	False
474	2	118.5	62	2	D	0	3.5	0	4	4	3	1	1/8	True	0	30	30	30	30a	4	237/2	False	False				False	117	iii6		G	I		iii6	iii		6			m	False	False	(1, 5, 4)	()	4	1	major	major	I	I, major	iii		I	I	False	iii6	iii6, major		iii6, major		iii	iii	3		1	1	1	5	2	B	D	G	G	minor triad	1	True	True	True	True	True	1	1	1	True	False	True
474	2	118.5	62	2	D	0	3.5	0	4	4	4	1	1/8	True	0	30	30	30	30a	4	237/2	False	False				False	117	iii6		G	I		iii6	iii		6			m	False	False	(1, 5, 4)	()	4	1	major	major	I	I, major	iii		I	I	False	iii6	iii6, major		iii6, major		iii	iii	3		1	1	1	5	2	B	D	G	G	minor triad	1	True	True	True	True	True	1	1	1	True	False	True
474	2	118.5	78	6	F	1	3.5	0	4	4	2	1	1/8	True	0	30	30	30	30a	5	237/2	False	False				False	117	iii6		G	I		iii6	iii		6			m	False	False	(1, 5, 4)	()	4	1	major	major	I	I, major	iii		I	I	False	iii6	iii6, major		iii6, major		iii	iii	3		1	1	1	5	2	B	D	G	G	minor triad	1	True	True	True	True	True	5	5	5	True	False	False
476	2	119.0	59	5	B	0	4.0	4	4	4	3	1	1/8	True	0	30	30	30	30a	3	119	False	True				False	118	I6		G	I		I6	I		6			M	False	False	(4, 1, 0)	()	0	4	major	major	I	I, major	I		I	I	False	I6	I6, major		I6, major		I	I	1		1	1	1	1	5	G	B	G	G	major triad	1	True	True	True	True	True	4	4	4	True	False	True
476	2	119.0	59	5	B	0	4.0	4	4	4	4	1	1/8	True	0	30	30	30	30a	3	119	False	True				False	118	I6		G	I		I6	I		6			M	False	False	(4, 1, 0)	()	0	4	major	major	I	I, major	I		I	I	False	I6	I6, major		I6, major		I	I	1		1	1	1	1	5	G	B	G	G	major triad	1	True	True	True	True	True	4	4	4	True	False	True
476	4	119.0	79	1	G	0	4.0	4	4	4	2	1	1/4	True	0	30	30	30	30a	5	119	False	True				False	118	I6		G	I		I6	I		6			M	False	False	(4, 1, 0)	()	0	4	major	major	I	I, major	I		I	I	False	I6	I6, major		I6, major		I	I	1		1	1	1	1	5	G	B	G	G	major triad	1	True	True	True	True	True	0	0	0	True	True	False
478	2	119.5	55	1	G	0	4.5	0	4	4	3	1	1/8	True	0	30	30	30	30a	3	239/2	False	False				False	118	I6		G	I		I6	I		6			M	False	False	(4, 1, 0)	()	0	4	major	major	I	I, major	I		I	I	False	I6	I6, major		I6, major		I	I	1		1	1	1	1	5	G	B	G	G	major triad	1	True	True	True	True	True	0	0	0	True	True	False
478	2	119.5	55	1	G	0	4.5	0	4	4	4	1	1/8	True	0	30	30	30	30a	3	239/2	False	False				False	118	I6		G	I		I6	I		6			M	False	False	(4, 1, 0)	()	0	4	major	major	I	I, major	I		I	I	False	I6	I6, major		I6, major		I	I	1		1	1	1	1	5	G	B	G	G	major triad	1	True	True	True	True	True	0	0	0	True	True	False
478	2	119.5	83	5	B	0	4.5	0	4	4	1	1	1/8	True	0	30	30	30	30a	5	239/2	False	False				False	118	I6		G	I		I6	I		6			M	False	False	(4, 1, 0)	()	0	4	major	major	I	I, major	I		I	I	False	I6	I6, major		I6, major		I	I	1		1	1	1	1	5	G	B	G	G	major triad	1	True	True	True	True	True	4	4	4	True	False	True
480	2	120.0	52	4	E	0	1.0	1	4	4	3	1	1/8	True	0	31	31	31	31a	3	120	False	True				False	119	IV6		G	I		IV6	IV		6			M	False	False	(3, 0, -1)	()	-1	3	major	major	I	I, major	IV		I	I	False	IV6	IV6, major		IV6, major		IV	IV	4		1	1	1	0	4	C	E	G	G	major triad	1	True	True	True	True	True	3	3	3	True	False	True
480	2	120.0	52	4	E	0	1.0	1	4	4	4	1	1/8	True	0	31	31	31	31a	3	120	False	True				False	119	IV6		G	I		IV6	IV		6			M	False	False	(3, 0, -1)	()	-1	3	major	major	I	I, major	IV		I	I	False	IV6	IV6, major		IV6, major		IV	IV	4		1	1	1	0	4	C	E	G	G	major triad	1	True	True	True	True	True	3	3	3	True	False	True
480	2	120.0	79	1	G	0	1.0	1	4	4	2	1	1/8	False	0	31	31	31	31a	5	120	False	True				False	119	IV6		G	I		IV6	IV		6			M	False	False	(3, 0, -1)	()	-1	3	major	major	I	I, major	IV		I	I	False	IV6	IV6, major		IV6, major		IV	IV	4		1	1	1	0	4	C	E	G	G	major triad	1	True	True	True	True	True	0	0	0	True	False	False
480	6	120.0	84	0	C	0	1.0	1	4	4	1	1	3/8	True	0	31	31	31	31a	6	120	False	True				False	119	IV6		G	I		IV6	IV		6			M	False	False	(3, 0, -1)	()	-1	3	major	major	I	I, major	IV		I	I	False	IV6	IV6, major		IV6, major		IV	IV	4		1	1	1	0	4	C	E	G	G	major triad	1	True	True	True	True	True	-1	-1	-1	True	True	False
482	2	120.5	64	4	E	0	1.5	0	4	4	3	1	1/8	True	0	31	31	31	31a	4	241/2	False	False				False	119	IV6		G	I		IV6	IV		6			M	False	False	(3, 0, -1)	()	-1	3	major	major	I	I, major	IV		I	I	False	IV6	IV6, major		IV6, major		IV	IV	4		1	1	1	0	4	C	E	G	G	major triad	1	True	True	True	True	True	3	3	3	True	False	True
482	2	120.5	64	4	E	0	1.5	0	4	4	4	1	1/8	True	0	31	31	31	31a	4	241/2	False	False				False	119	IV6		G	I		IV6	IV		6			M	False	False	(3, 0, -1)	()	-1	3	major	major	I	I, major	IV		I	I	False	IV6	IV6, major		IV6, major		IV	IV	4		1	1	1	0	4	C	E	G	G	major triad	1	True	True	True	True	True	3	3	3	True	False	True
482	2	120.5	67	1	G	0	1.5	0	4	4	2	1	1/8	True	0	31	31	31	31a	4	241/2	False	False				False	119	IV6		G	I		IV6	IV		6			M	False	False	(3, 0, -1)	()	-1	3	major	major	I	I, major	IV		I	I	False	IV6	IV6, major		IV6, major		IV	IV	4		1	1	1	0	4	C	E	G	G	major triad	1	True	True	True	True	True	0	0	0	True	False	False
484	1	121.0	60	0	C	0	2.0	2	4	4	3	1	1/16	True	0	31	31	31	31a	4	121	False	True				False	120	ii6		G	I		ii6	ii		6			m	False	False	(-1, 3, 2)	()	2	-1	major	major	I	I, major	ii		I	I	False	ii6	ii6, major		ii6, major		ii	ii	2		1	1	1	3	0	A	C	G	G	minor triad	1	True	True	True	True	True	-1	-1	-1	True	False	True
484	2	121.0	60	0	C	0	2.0	2	4	4	4	1	1/8	True	0	31	31	31	31a	4	121	False	True				False	120	ii6		G	I		ii6	ii		6			m	False	False	(-1, 3, 2)	()	2	-1	major	major	I	I, major	ii		I	I	False	ii6	ii6, major		ii6, major		ii	ii	2		1	1	1	3	0	A	C	G	G	minor triad	1	True	True	True	True	True	-1	-1	-1	True	False	True
484	6	121.0	72	0	C	0	2.0	2	4	4	2	1	3/8	True	0	31	31	31	31a	5	121	False	True				False	120	ii6		G	I		ii6	ii		6			m	False	False	(-1, 3, 2)	()	2	-1	major	major	I	I, major	ii		I	I	False	ii6	ii6, major		ii6, major		ii	ii	2		1	1	1	3	0	A	C	G	G	minor triad	1	True	True	True	True	True	-1	-1	-1	True	False	True
485	1	121.25	59	5	B	0	2.25	0	4	4	3	1	1/16	True	0	31	31	31	31a	3	485/4	False	False				False	120	ii6		G	I		ii6	ii		6			m	False	False	(-1, 3, 2)	()	2	-1	major	major	I	I, major	ii		I	I	False	ii6	ii6, major		ii6, major		ii	ii	2		1	1	1	3	0	A	C	G	G	minor triad	1	True	True	True	True	True	4	4	4	False	False	False
486	1	121.5	57	3	A	0	2.5	0	4	4	3	1	1/16	True	0	31	31	31	31a	3	243/2	False	False				False	120	ii6		G	I		ii6	ii		6			m	False	False	(-1, 3, 2)	()	2	-1	major	major	I	I, major	ii		I	I	False	ii6	ii6, major		ii6, major		ii	ii	2		1	1	1	3	0	A	C	G	G	minor triad	1	True	True	True	True	True	2	2	2	True	True	False
486	2	121.5	57	3	A	0	2.5	0	4	4	4	1	1/8	True	0	31	31	31	31a	3	243/2	False	False				False	120	ii6		G	I		ii6	ii		6			m	False	False	(-1, 3, 2)	()	2	-1	major	major	I	I, major	ii		I	I	False	ii6	ii6, major		ii6, major		ii	ii	2		1	1	1	3	0	A	C	G	G	minor triad	1	True	True	True	True	True	2	2	2	True	True	False
486	2	121.5	72	0	C	0	2.5	0	4	4	1	1	1/8	True	0	31	31	31	31a	5	243/2	False	False				False	120	ii6		G	I		ii6	ii		6			m	False	False	(-1, 3, 2)	()	2	-1	major	major	I	I, major	ii		I	I	False	ii6	ii6, major		ii6, major		ii	ii	2		1	1	1	3	0	A	C	G	G	minor triad	1	True	True	True	True	True	-1	-1	-1	True	False	True
487	1	121.75	55	1	G	0	2.75	0	4	4	3	1	1/16	True	0	31	31	31	31a	3	487/4	False	False				False	120	ii6		G	I		ii6	ii		6			m	False	False	(-1, 3, 2)	()	2	-1	major	major	I	I, major	ii		I	I	False	ii6	ii6, major		ii6, major		ii	ii	2		1	1	1	3	0	A	C	G	G	minor triad	1	True	True	True	True	True	0	0	0	False	False	False
488	2	122.0	54	6	F	1	3.0	3	4	4	3	1	1/8	True	0	31	31	31	31a	3	122	False	True				False	121	V65		G	I		V65	V		65			Mm7	False	False	(5, 2, -1, 1)	()	1	5	major	major	I	I, major	V		I	I	False	V65	V65, major		V65, major		V	V7	5		1	1	1	2	6	D	F#	G	G	dominant seventh chord	1	True	True	True	True	True	5	5	5	True	False	True
488	2	122.0	54	6	F	1	3.0	3	4	4	4	1	1/8	True	0	31	31	31	31a	3	122	False	True				False	121	V65		G	I		V65	V		65			Mm7	False	False	(5, 2, -1, 1)	()	1	5	major	major	I	I, major	V		I	I	False	V65	V65, major		V65, major		V	V7	5		1	1	1	2	6	D	F#	G	G	dominant seventh chord	1	True	True	True	True	True	5	5	5	True	False	True
488	6	122.0	74	2	D	0	3.0	3	4	4	1	1	3/8	True	0	31	31	31	31a	5	122	False	True				False	121	V65		G	I		V65	V		65			Mm7	False	False	(5, 2, -1, 1)	()	1	5	major	major	I	I, major	V		I	I	False	V65	V65, major		V65, major		V	V7	5		1	1	1	2	6	D	F#	G	G	dominant seventh chord	1	True	True	True	True	True	1	1	1	True	True	False
490	2	122.5	50	2	D	0	3.5	0	4	4	3	1	1/8	True	0	31	31	31	31a	3	245/2	False	False				False	121	V65		G	I		V65	V		65			Mm7	False	False	(5, 2, -1, 1)	()	1	5	major	major	I	I, major	V		I	I	False	V65	V65, major		V65, major		V	V7	5		1	1	1	2	6	D	F#	G	G	dominant seventh chord	1	True	True	True	True	True	1	1	1	True	True	False
490	2	122.5	50	2	D	0	3.5	0	4	4	4	1	1/8	True	0	31	31	31	31a	3	245/2	False	False				False	121	V65		G	I		V65	V		65			Mm7	False	False	(5, 2, -1, 1)	()	1	5	major	major	I	I, major	V		I	I	False	V65	V65, major		V65, major		V	V7	5		1	1	1	2	6	D	F#	G	G	dominant seventh chord	1	True	True	True	True	True	1	1	1	True	True	False
490	1	122.5	74	2	D	0	3.5	0	4	4	2	1	1/16	True	0	31	31	31	31a	5	245/2	False	False				False	121	V65		G	I		V65	V		65			Mm7	False	False	(5, 2, -1, 1)	()	1	5	major	major	I	I, major	V		I	I	False	V65	V65, major		V65, major		V	V7	5		1	1	1	2	6	D	F#	G	G	dominant seventh chord	1	True	True	True	True	True	1	1	1	True	True	False
491	1	122.75	72	0	C	0	3.75	0	4	4	2	1	1/16	True	0	31	31	31	31a	5	491/4	False	False				False	121	V65		G	I		V65	V		65			Mm7	False	False	(5, 2, -1, 1)	()	1	5	major	major	I	I, major	V		I	I	False	V65	V65, major		V65, major		V	V7	5		1	1	1	2	6	D	F#	G	G	dominant seventh chord	1	True	True	True	True	True	-1	-1	-1	True	False	False
492	2	123.0	55	1	G	0	4.0	4	4	4	3	1	1/8	True	0	31	31	31	31a	3	123	False	True				False	122	I		G	I		I	I					M	False	False	(0, 4, 1)	()	0	0	major	major	I	I, major	I		I	I	False	I	I, major		I, major		I	I	1		1	1	1	1	1	G	G	G	G	major triad	0	True	True	True	True	True	0	0	0	True	True	True
492	2	123.0	55	1	G	0	4.0	4	4	4	4	1	1/8	True	0	31	31	31	31a	3	123	False	True				False	122	I		G	I		I	I					M	False	False	(0, 4, 1)	()	0	0	major	major	I	I, major	I		I	I	False	I	I, major		I, major		I	I	1		1	1	1	1	1	G	G	G	G	major triad	0	True	True	True	True	True	0	0	0	True	True	True
492	2	123.0	71	5	B	0	4.0	4	4	4	2	1	1/8	True	0	31	31	31	31a	4	123	False	True				False	122	I		G	I		I	I					M	False	False	(0, 4, 1)	()	0	0	major	major	I	I, major	I		I	I	False	I	I, major		I, major		I	I	1		1	1	1	1	1	G	G	G	G	major triad	0	True	True	True	True	True	4	4	4	True	False	False
494	2	123.5	47	5	B	0	4.5	0	4	4	3	1	1/8	True	0	31	31	31	31a	2	247/2	False	True				False	123	I6		G	I		I6	I		6			M	False	False	(4, 1, 0)	()	0	4	major	major	I	I, major	I		I	I	False	I6	I6, major		I6, major		I	I	1		1	1	1	1	5	G	B	G	G	major triad	1	True	True	True	True	True	4	4	4	True	False	True
494	2	123.5	47	5	B	0	4.5	0	4	4	4	1	1/8	True	0	31	31	31	31a	2	247/2	False	True				False	123	I6		G	I		I6	I		6			M	False	False	(4, 1, 0)	()	0	4	major	major	I	I, major	I		I	I	False	I6	I6, major		I6, major		I	I	1		1	1	1	1	5	G	B	G	G	major triad	1	True	True	True	True	True	4	4	4	True	False	True
494	2	123.5	74	2	D	0	4.5	0	4	4	2	1	1/8	True	0	31	31	31	31a	5	247/2	False	True				False	123	I6		G	I		I6	I		6			M	False	False	(4, 1, 0)	()	0	4	major	major	I	I, major	I		I	I	False	I6	I6, major		I6, major		I	I	1		1	1	1	1	5	G	B	G	G	major triad	1	True	True	True	True	True	1	1	1	True	False	False
494	2	123.5	79	1	G	0	4.5	0	4	4	1	1	1/8	True	0	31	31	31	31a	5	247/2	False	True				False	123	I6		G	I		I6	I		6			M	False	False	(4, 1, 0)	()	0	4	major	major	I	I, major	I		I	I	False	I6	I6, major		I6, major		I	I	1		1	1	1	1	5	G	B	G	G	major triad	1	True	True	True	True	True	0	0	0	True	True	False
496	4	124.0	48	0	C	0	1.0	1	4	4	3	1	1/4	True	0	32	32	32	32a	3	124	False	True				False	124	IV		G	I		IV	IV					M	False	False	(-1, 3, 0)	()	-1	-1	major	major	I	I, major	IV		I	I	False	IV	IV, major		IV, major		IV	IV	4		1	1	1	0	0	C	C	G	G	major triad	0	True	True	True	True	True	-1	-1	-1	True	True	True
496	4	124.0	48	0	C	0	1.0	1	4	4	4	1	1/4	True	0	32	32	32	32a	3	124	False	True				False	124	IV		G	I		IV	IV					M	False	False	(-1, 3, 0)	()	-1	-1	major	major	I	I, major	IV		I	I	False	IV	IV, major		IV, major		IV	IV	4		1	1	1	0	0	C	C	G	G	major triad	0	True	True	True	True	True	-1	-1	-1	True	True	True
496	2	124.0	72	0	C	0	1.0	1	4	4	2	1	1/8	True	0	32	32	32	32a	5	124	False	True				False	124	IV		G	I		IV	IV					M	False	False	(-1, 3, 0)	()	-1	-1	major	major	I	I, major	IV		I	I	False	IV	IV, major		IV, major		IV	IV	4		1	1	1	0	0	C	C	G	G	major triad	0	True	True	True	True	True	-1	-1	-1	True	True	True
496	2	124.0	76	4	E	0	1.0	1	4	4	1	1	1/8	True	0	32	32	32	32a	5	124	False	True				False	124	IV		G	I		IV	IV					M	False	False	(-1, 3, 0)	()	-1	-1	major	major	I	I, major	IV		I	I	False	IV	IV, major		IV, major		IV	IV	4		1	1	1	0	0	C	C	G	G	major triad	0	True	True	True	True	True	3	3	3	True	False	False
498	2	124.5	71	5	B	0	1.5	0	4	4	2	1	1/8	True	0	32	32	32	32a	4	249/2	False	False				False	124	IV		G	I		IV	IV					M	False	False	(-1, 3, 0)	()	-1	-1	major	major	I	I, major	IV		I	I	False	IV	IV, major		IV, major		IV	IV	4		1	1	1	0	0	C	C	G	G	major triad	0	True	True	True	True	True	4	4	4	False	False	False
498	2	124.5	74	2	D	0	1.5	0	4	4	1	1	1/8	True	0	32	32	32	32a	5	249/2	False	False				False	124	IV		G	I		IV	IV					M	False	False	(-1, 3, 0)	()	-1	-1	major	major	I	I, major	IV		I	I	False	IV	IV, major		IV, major		IV	IV	4		1	1	1	0	0	C	C	G	G	major triad	0	True	True	True	True	True	1	1	1	False	False	False
500	4	125.0	43	1	G	0	2.0	2	4	4	3	1	1/4	True	0	32	32	32	32a	2	125	False	True				False	125	I		G	I		I	I					M	False	False	(0, 4, 1)	()	0	0	major	major	I	I, major	I		I	I	False	I	I, major		I, major		I	I	1		1	1	1	1	1	G	G	G	G	major triad	0	True	True	True	True	True	0	0	0	True	True	True
500	4	125.0	43	1	G	0	2.0	2	4	4	4	1	1/4	True	0	32	32	32	32a	2	125	False	True				False	125	I		G	I		I	I					M	False	False	(0, 4, 1)	()	0	0	major	major	I	I, major	I		I	I	False	I	I, major		I, major		I	I	1		1	1	1	1	1	G	G	G	G	major triad	0	True	True	True	True	True	0	0	0	True	True	True
500	2	125.0	69	3	A	0	2.0	2	4	4	2	1	1/8	True	0	32	32	32	32a	4	125	False	True				False	125	I		G	I		I	I					M	False	False	(0, 4, 1)	()	0	0	major	major	I	I, major	I		I	I	False	I	I, major		I, major		I	I	1		1	1	1	1	1	G	G	G	G	major triad	0	True	True	True	True	True	2	2	2	False	False	False
500	2	125.0	72	0	C	0	2.0	2	4	4	1	1	1/8	True	0	32	32	32	32a	5	125	False	True				False	125	I		G	I		I	I					M	False	False	(0, 4, 1)	()	0	0	major	major	I	I, major	I		I	I	False	I	I, major		I, major		I	I	1		1	1	1	1	1	G	G	G	G	major triad	0	True	True	True	True	True	-1	-1	-1	False	False	False
502	2	125.5	67	1	G	0	2.5	0	4	4	2	1	1/8	True	0	32	32	32	32a	4	251/2	False	False				False	125	I		G	I		I	I					M	False	False	(0, 4, 1)	()	0	0	major	major	I	I, major	I		I	I	False	I	I, major		I, major		I	I	1		1	1	1	1	1	G	G	G	G	major triad	0	True	True	True	True	True	0	0	0	True	True	True
502	2	125.5	71	5	B	0	2.5	0	4	4	1	1	1/8	True	0	32	32	32	32a	4	251/2	False	False				False	125	I		G	I		I	I					M	False	False	(0, 4, 1)	()	0	0	major	major	I	I, major	I		I	I	False	I	I, major		I, major		I	I	1		1	1	1	1	1	G	G	G	G	major triad	0	True	True	True	True	True	4	4	4	True	False	False
504	4	126.0	50	2	D	0	3.0	3	4	4	3	1	1/4	True	0	32	32	32	32a	3	126	False	True	HC	HC	}{	True	126	V|HC}{		G	I		V	V					M	False	False	(1, 5, 2)	()	1	1	major	major	I	I, major	V		I	I	False	V	V, major		V, major		V	V	5		1	1	1	2	2	D	D	G	G	major triad	0	True	True	True	True	True	1	1	1	True	True	True
504	4	126.0	50	2	D	0	3.0	3	4	4	4	1	1/4	True	0	32	32	32	32a	3	126	False	True	HC	HC	}{	True	126	V|HC}{		G	I		V	V					M	False	False	(1, 5, 2)	()	1	1	major	major	I	I, major	V		I	I	False	V	V, major		V, major		V	V	5		1	1	1	2	2	D	D	G	G	major triad	0	True	True	True	True	True	1	1	1	True	True	True
504	4	126.0	66	6	F	1	3.0	3	4	4	2	1	1/4	True	0	32	32	32	32a	4	126	False	True	HC	HC	}{	True	126	V|HC}{		G	I		V	V					M	False	False	(1, 5, 2)	()	1	1	major	major	I	I, major	V		I	I	False	V	V, major		V, major		V	V	5		1	1	1	2	2	D	D	G	G	major triad	0	True	True	True	True	True	5	5	5	True	False	False
504	2	126.0	69	3	A	0	3.0	3	4	4	1	1	1/8	True	0	32	32	32	32a	4	126	False	True	HC	HC	}{	True	126	V|HC}{		G	I		V	V					M	False	False	(1, 5, 2)	()	1	1	major	major	I	I, major	V		I	I	False	V	V, major		V, major		V	V	5		1	1	1	2	2	D	D	G	G	major triad	0	True	True	True	True	True	2	2	2	True	False	False
506	2	126.5	81	3	A	0	3.5	0	4	4	1	1	1/8	True	0	32	32	32	32a	5	253/2	False	False				False	126	V|HC}{		G	I		V	V					M	False	False	(1, 5, 2)	()	1	1	major	major	I	I, major	V		I	I	False	V	V, major		V, major		V	V	5		1	1	1	2	2	D	D	G	G	major triad	0	True	True	True	True	True	2	2	2	True	False	False
508	4	127.0	74	2	D	0	4.0	4	4	4	2	1	1/4	True	0	32	32	32	32a	5	127	False	False				False	126	V|HC}{		G	I		V	V					M	False	False	(1, 5, 2)	()	1	1	major	major	I	I, major	V		I	I	False	V	V, major		V, major		V	V	5		1	1	1	2	2	D	D	G	G	major triad	0	True	True	True	True	True	1	1	1	True	True	True
508	2	127.0	78	6	F	1	4.0	4	4	4	1	1	1/8	True	0	32	32	32	32a	5	127	False	False				False	126	V|HC}{		G	I		V	V					M	False	False	(1, 5, 2)	()	1	1	major	major	I	I, major	V		I	I	False	V	V, major		V, major		V	V	5		1	1	1	2	2	D	D	G	G	major triad	0	True	True	True	True	True	5	5	5	True	False	False
510	2	127.5	74	2	D	0	4.5	0	4	4	1	1	1/8	True	0	32	32	32	32a	5	255/2	False	False				False	126	V|HC}{		G	I		V	V					M	False	False	(1, 5, 2)	()	1	1	major	major	I	I, major	V		I	I	False	V	V, major		V, major		V	V	5		1	1	1	2	2	D	D	G	G	major triad	0	True	True	True	True	True	1	1	1	True	True	True
512	8	128.0	55	1	G	0	1.0	1	4	4	3	1	1/2	True	0	33	33	33	33a	3	128	False	True				False	127	I		G	I		I	I					M	False	False	(0, 4, 1)	()	0	0	major	major	I	I, major	I		I	I	False	I	I, major		I, major		I	I	1		1	1	1	1	1	G	G	G	G	major triad	0	True	True	True	True	True	0	0	0	True	True	True
512	8	128.0	55	1	G	0	1.0	1	4	4	4	1	1/2	True	0	33	33	33	33a	3	128	False	True				False	127	I		G	I		I	I					M	False	False	(0, 4, 1)	()	0	0	major	major	I	I, major	I		I	I	False	I	I, major		I, major		I	I	1		1	1	1	1	1	G	G	G	G	major triad	0	True	True	True	True	True	0	0	0	True	True	True
512	2	128.0	71	5	B	0	1.0	1	4	4	1	1	1/8	True	0	33	33	33	33a	4	128	False	True				False	127	I		G	I		I	I					M	False	False	(0, 4, 1)	()	0	0	major	major	I	I, major	I		I	I	False	I	I, major		I, major		I	I	1		1	1	1	1	1	G	G	G	G	major triad	0	True	True	True	True	True	4	4	4	True	False	False
512	4	128.0	74	2	D	0	1.0	1	4	4	2	1	1/4	False	0	33	33	33	33a	5	128	False	True				False	127	I		G	I		I	I					M	False	False	(0, 4, 1)	()	0	0	major	major	I	I, major	I		I	I	False	I	I, major		I, major		I	I	1		1	1	1	1	1	G	G	G	G	major triad	0	True	True	True	True	True	1	1	1	True	False	False
514	2	128.5	83	5	B	0	1.5	0	4	4	1	1	1/8	True	0	33	33	33	33a	5	257/2	False	False				False	127	I		G	I		I	I					M	False	False	(0, 4, 1)	()	0	0	major	major	I	I, major	I		I	I	False	I	I, major		I, major		I	I	1		1	1	1	1	1	G	G	G	G	major triad	0	True	True	True	True	True	4	4	4	True	False	False
516	6	129.0	76	4	E	0	2.0	2	4	4	2	1	3/8	True	0	33	33	33	33a	5	129	False	True				False	128	vi6		G	I		vi6	vi		6			m	False	False	(0, 4, 3)	()	3	0	major	major	I	I, major	vi		I	I	False	vi6	vi6, major		vi6, major		vi	vi	6		1	1	1	4	1	E	G	G	G	minor triad	1	True	True	True	True	True	3	3	3	True	True	False
516	2	129.0	79	1	G	0	2.0	2	4	4	1	1	1/8	True	0	33	33	33	33a	5	129	False	True				False	128	vi6		G	I		vi6	vi		6			m	False	False	(0, 4, 3)	()	3	0	major	major	I	I, major	vi		I	I	False	vi6	vi6, major		vi6, major		vi	vi	6		1	1	1	4	1	E	G	G	G	minor triad	1	True	True	True	True	True	0	0	0	True	False	True
518	2	129.5	76	4	E	0	2.5	0	4	4	1	1	1/8	True	0	33	33	33	33a	5	259/2	False	False				False	128	vi6		G	I		vi6	vi		6			m	False	False	(0, 4, 3)	()	3	0	major	major	I	I, major	vi		I	I	False	vi6	vi6, major		vi6, major		vi	vi	6		1	1	1	4	1	E	G	G	G	minor triad	1	True	True	True	True	True	3	3	3	True	True	False
520	6	130.0	57	3	A	0	3.0	3	4	4	3	1	3/8	True	0	33	33	33	33a	3	130	False	True				False	129	ii		G	I		ii	ii					m	False	False	(2, -1, 3)	()	2	2	major	major	I	I, major	ii		I	I	False	ii	ii, major		ii, major		ii	ii	2		1	1	1	3	3	A	A	G	G	minor triad	0	True	True	True	True	True	2	2	2	True	True	True
520	6	130.0	57	3	A	0	3.0	3	4	4	4	1	3/8	True	0	33	33	33	33a	3	130	False	True				False	129	ii		G	I		ii	ii					m	False	False	(2, -1, 3)	()	2	2	major	major	I	I, major	ii		I	I	False	ii	ii, major		ii, major		ii	ii	2		1	1	1	3	3	A	A	G	G	minor triad	0	True	True	True	True	True	2	2	2	True	True	True
520	2	130.0	72	0	C	0	3.0	3	4	4	1	1	1/8	True	0	33	33	33	33a	5	130	False	True				False	129	ii		G	I		ii	ii					m	False	False	(2, -1, 3)	()	2	2	major	major	I	I, major	ii		I	I	False	ii	ii, major		ii, major		ii	ii	2		1	1	1	3	3	A	A	G	G	minor triad	0	True	True	True	True	True	-1	-1	-1	True	False	False
522	1	130.5	74	2	D	0	3.5	0	4	4	2	1	1/16	True	0	33	33	33	33a	5	261/2	False	False				False	129	ii		G	I		ii	ii					m	False	False	(2, -1, 3)	()	2	2	major	major	I	I, major	ii		I	I	False	ii	ii, major		ii, major		ii	ii	2		1	1	1	3	3	A	A	G	G	minor triad	0	True	True	True	True	True	1	1	1	False	False	False
522	2	130.5	84	0	C	0	3.5	0	4	4	1	1	1/8	True	0	33	33	33	33a	6	261/2	False	False				False	129	ii		G	I		ii	ii					m	False	False	(2, -1, 3)	()	2	2	major	major	I	I, major	ii		I	I	False	ii	ii, major		ii, major		ii	ii	2		1	1	1	3	3	A	A	G	G	minor triad	0	True	True	True	True	True	-1	-1	-1	True	False	False
523	1	130.75	76	4	E	0	3.75	0	4	4	2	1	1/16	True	0	33	33	33	33a	5	523/4	False	False				False	129	ii		G	I		ii	ii					m	False	False	(2, -1, 3)	()	2	2	major	major	I	I, major	ii		I	I	False	ii	ii, major		ii, major		ii	ii	2		1	1	1	3	3	A	A	G	G	minor triad	0	True	True	True	True	True	3	3	3	True	False	False
524	4	131.0	78	6	F	1	4.0	4	4	4	2	1	1/4	True	0	33	33	33	33a	5	131	False	True				False	130	viio6		G	I		viio6	vii	o	6			o	False	False	(2, -1, 5)	()	5	2	major	major	I	I, major	vii		I	I	False	viio6	viio6, major		viio6, major		vii	viio	7		1	1	1	6	3	F#	A	G	G	diminished triad	1	True	True	True	True	True	5	5	5	True	True	False
524	2	131.0	81	3	A	0	4.0	4	4	4	1	1	1/8	True	0	33	33	33	33a	5	131	False	True				False	130	viio6		G	I		viio6	vii	o	6			o	False	False	(2, -1, 5)	()	5	2	major	major	I	I, major	vii		I	I	False	viio6	viio6, major		viio6, major		vii	viio	7		1	1	1	6	3	F#	A	G	G	diminished triad	1	True	True	True	True	True	2	2	2	True	False	True
526	1	131.5	55	1	G	0	4.5	0	4	4	3	1	1/16	True	0	33	33	33	33a	3	263/2	False	False				False	130	viio6		G	I		viio6	vii	o	6			o	False	False	(2, -1, 5)	()	5	2	major	major	I	I, major	vii		I	I	False	viio6	viio6, major		viio6, major		vii	viio	7		1	1	1	6	3	F#	A	G	G	diminished triad	1	True	True	True	True	True	0	0	0	False	False	False
526	1	131.5	55	1	G	0	4.5	0	4	4	4	1	1/16	True	0	33	33	33	33a	3	263/2	False	False				False	130	viio6		G	I		viio6	vii	o	6			o	False	False	(2, -1, 5)	()	5	2	major	major	I	I, major	vii		I	I	False	viio6	viio6, major		viio6, major		vii	viio	7		1	1	1	6	3	F#	A	G	G	diminished triad	1	True	True	True	True	True	0	0	0	False	False	False
526	2	131.5	78	6	F	1	4.5	0	4	4	1	1	1/8	True	0	33	33	33	33a	5	263/2	False	False				False	130	viio6		G	I		viio6	vii	o	6			o	False	False	(2, -1, 5)	()	5	2	major	major	I	I, major	vii		I	I	False	viio6	viio6, major		viio6, major		vii	viio	7		1	1	1	6	3	F#	A	G	G	diminished triad	1	True	True	True	True	True	5	5	5	True	True	False
527	1	131.75	57	3	A	0	4.75	0	4	4	3	1	1/16	True	0	33	33	33	33a	3	527/4	False	False				False	130	viio6		G	I		viio6	vii	o	6			o	False	False	(2, -1, 5)	()	5	2	major	major	I	I, major	vii		I	I	False	viio6	viio6, major		viio6, major		vii	viio	7		1	1	1	6	3	F#	A	G	G	diminished triad	1	True	True	True	True	True	2	2	2	True	False	True
527	1	131.75	57	3	A	0	4.75	0	4	4	4	1	1/16	True	0	33	33	33	33a	3	527/4	False	False				False	130	viio6		G	I		viio6	vii	o	6			o	False	False	(2, -1, 5)	()	5	2	major	major	I	I, major	vii		I	I	False	viio6	viio6, major		viio6, major		vii	viio	7		1	1	1	6	3	F#	A	G	G	diminished triad	1	True	True	True	True	True	2	2	2	True	False	True
528	2	132.0	59	5	B	0	1.0	1	4	4	3	1	1/8	True	0	34	34	34	34a	3	132	False	True				False	131	iii		G	I		iii	iii					m	False	False	(4, 1, 5)	()	4	4	major	major	I	I, major	iii		I	I	False	iii	iii, major		iii, major		iii	iii	3		1	1	1	5	5	B	B	G	G	minor triad	0	True	True	True	True	True	4	4	4	True	True	True
528	2	132.0	59	5	B	0	1.0	1	4	4	4	1	1/8	True	0	34	34	34	34a	3	132	False	True				False	131	iii		G	I		iii	iii					m	False	False	(4, 1, 5)	()	4	4	major	major	I	I, major	iii		I	I	False	iii	iii, major		iii, major		iii	iii	3		1	1	1	5	5	B	B	G	G	minor triad	0	True	True	True	True	True	4	4	4	True	True	True
528	8	132.0	74	2	D	0	1.0	1	4	4	1	1	1/2	True	0	34	34	34	34a	5	132	False	True				False	131	iii		G	I		iii	iii					m	False	False	(4, 1, 5)	()	4	4	major	major	I	I, major	iii		I	I	False	iii	iii, major		iii, major		iii	iii	3		1	1	1	5	5	B	B	G	G	minor triad	0	True	True	True	True	True	1	1	1	True	False	False
528	4	132.0	78	6	F	1	1.0	1	4	4	2	1	1/4	False	0	34	34	34	34a	5	132	False	True				False	131	iii		G	I		iii	iii					m	False	False	(4, 1, 5)	()	4	4	major	major	I	I, major	iii		I	I	False	iii	iii, major		iii, major		iii	iii	3		1	1	1	5	5	B	B	G	G	minor triad	0	True	True	True	True	True	5	5	5	True	False	False
530	2	132.5	62	2	D	0	1.5	0	4	4	3	1	1/8	True	0	34	34	34	34a	4	265/2	False	False				False	131	iii		G	I		iii	iii					m	False	False	(4, 1, 5)	()	4	4	major	major	I	I, major	iii		I	I	False	iii	iii, major		iii, major		iii	iii	3		1	1	1	5	5	B	B	G	G	minor triad	0	True	True	True	True	True	1	1	1	True	False	False
530	2	132.5	62	2	D	0	1.5	0	4	4	4	1	1/8	True	0	34	34	34	34a	4	265/2	False	False				False	131	iii		G	I		iii	iii					m	False	False	(4, 1, 5)	()	4	4	major	major	I	I, major	iii		I	I	False	iii	iii, major		iii, major		iii	iii	3		1	1	1	5	5	B	B	G	G	minor triad	0	True	True	True	True	True	1	1	1	True	False	False
532	2	133.0	59	5	B	0	2.0	2	4	4	3	1	1/8	True	0	34	34	34	34a	3	133	False	True				False	132	I6		G	I		I6	I		6			M	False	False	(4, 1, 0)	()	0	4	major	major	I	I, major	I		I	I	False	I6	I6, major		I6, major		I	I	1		1	1	1	1	5	G	B	G	G	major triad	1	True	True	True	True	True	4	4	4	True	False	True
532	2	133.0	59	5	B	0	2.0	2	4	4	4	1	1/8	True	0	34	34	34	34a	3	133	False	True				False	132	I6		G	I		I6	I		6			M	False	False	(4, 1, 0)	()	0	4	major	major	I	I, major	I		I	I	False	I6	I6, major		I6, major		I	I	1		1	1	1	1	5	G	B	G	G	major triad	1	True	True	True	True	True	4	4	4	True	False	True
532	8	133.0	79	1	G	0	2.0	2	4	4	2	1	1/2	True	0	34	34	34	34a	5	133	False	True				False	132	I6		G	I		I6	I		6			M	False	False	(4, 1, 0)	()	0	4	major	major	I	I, major	I		I	I	False	I6	I6, major		I6, major		I	I	1		1	1	1	1	5	G	B	G	G	major triad	1	True	True	True	True	True	0	0	0	True	True	False
534	2	133.5	55	1	G	0	2.5	0	4	4	3	1	1/8	True	0	34	34	34	34a	3	267/2	False	False				False	132	I6		G	I		I6	I		6			M	False	False	(4, 1, 0)	()	0	4	major	major	I	I, major	I		I	I	False	I6	I6, major		I6, major		I	I	1		1	1	1	1	5	G	B	G	G	major triad	1	True	True	True	True	True	0	0	0	True	True	False
534	2	133.5	55	1	G	0	2.5	0	4	4	4	1	1/8	True	0	34	34	34	34a	3	267/2	False	False				False	132	I6		G	I		I6	I		6			M	False	False	(4, 1, 0)	()	0	4	major	major	I	I, major	I		I	I	False	I6	I6, major		I6, major		I	I	1		1	1	1	1	5	G	B	G	G	major triad	1	True	True	True	True	True	0	0	0	True	True	False
536	2	134.0	60	0	C	0	3.0	3	4	4	3	1	1/8	True	0	34	34	34	34a	4	134	False	True				False	133	IV		G	I		IV	IV					M	False	False	(-1, 3, 0)	()	-1	-1	major	major	I	I, major	IV		I	I	False	IV	IV, major		IV, major		IV	IV	4		1	1	1	0	0	C	C	G	G	major triad	0	True	True	True	True	True	-1	-1	-1	True	True	True
536	2	134.0	60	0	C	0	3.0	3	4	4	4	1	1/8	True	0	34	34	34	34a	4	134	False	True				False	133	IV		G	I		IV	IV					M	False	False	(-1, 3, 0)	()	-1	-1	major	major	I	I, major	IV		I	I	False	IV	IV, major		IV, major		IV	IV	4		1	1	1	0	0	C	C	G	G	major triad	0	True	True	True	True	True	-1	-1	-1	True	True	True
536	6	134.0	76	4	E	0	3.0	3	4	4	1	1	3/8	True	0	34	34	34	34a	5	134	False	True				False	133	IV		G	I		IV	IV					M	False	False	(-1, 3, 0)	()	-1	-1	major	major	I	I, major	IV		I	I	False	IV	IV, major		IV, major		IV	IV	4		1	1	1	0	0	C	C	G	G	major triad	0	True	True	True	True	True	3	3	3	True	False	False
538	2	134.5	64	4	E	0	3.5	0	4	4	3	1	1/8	True	0	34	34	34	34a	4	269/2	False	False				False	133	IV		G	I		IV	IV					M	False	False	(-1, 3, 0)	()	-1	-1	major	major	I	I, major	IV		I	I	False	IV	IV, major		IV, major		IV	IV	4		1	1	1	0	0	C	C	G	G	major triad	0	True	True	True	True	True	3	3	3	True	False	False
538	2	134.5	64	4	E	0	3.5	0	4	4	4	1	1/8	True	0	34	34	34	34a	4	269/2	False	False				False	133	IV		G	I		IV	IV					M	False	False	(-1, 3, 0)	()	-1	-1	major	major	I	I, major	IV		I	I	False	IV	IV, major		IV, major		IV	IV	4		1	1	1	0	0	C	C	G	G	major triad	0	True	True	True	True	True	3	3	3	True	False	False
540	2	135.0	60	0	C	0	4.0	4	4	4	3	1	1/8	True	0	34	34	34	34a	4	135	False	True				False	134	ii6		G	I		ii6	ii		6			m	False	False	(-1, 3, 2)	()	2	-1	major	major	I	I, major	ii		I	I	False	ii6	ii6, major		ii6, major		ii	ii	2		1	1	1	3	0	A	C	G	G	minor triad	1	True	True	True	True	True	-1	-1	-1	True	False	True
540	2	135.0	60	0	C	0	4.0	4	4	4	4	1	1/8	True	0	34	34	34	34a	4	135	False	True				False	134	ii6		G	I		ii6	ii		6			m	False	False	(-1, 3, 2)	()	2	-1	major	major	I	I, major	ii		I	I	False	ii6	ii6, major		ii6, major		ii	ii	2		1	1	1	3	0	A	C	G	G	minor triad	1	True	True	True	True	True	-1	-1	-1	True	False	True
540	4	135.0	81	3	A	0	4.0	4	4	4	2	1	1/4	True	0	34	34	34	34a	5	135	False	True				False	134	ii6		G	I		ii6	ii		6			m	False	False	(-1, 3, 2)	()	2	-1	major	major	I	I, major	ii		I	I	False	ii6	ii6, major		ii6, major		ii	ii	2		1	1	1	3	0	A	C	G	G	minor triad	1	True	True	True	True	True	2	2	2	True	True	False
542	2	135.5	57	3	A	0	4.5	0	4	4	3	1	1/8	True	0	34	34	34	34a	3	271/2	False	False				False	134	ii6		G	I		ii6	ii		6			m	False	False	(-1, 3, 2)	()	2	-1	major	major	I	I, major	ii		I	I	False	ii6	ii6, major		ii6, major		ii	ii	2		1	1	1	3	0	A	C	G	G	minor triad	1	True	True	True	True	True	2	2	2	True	True	False
542	2	135.5	57	3	A	0	4.5	0	4	4	4	1	1/8	True	0	34	34	34	34a	3	271/2	False	False				False	134	ii6		G	I		ii6	ii		6			m	False	False	(-1, 3, 2)	()	2	-1	major	major	I	I, major	ii		I	I	False	ii6	ii6, major		ii6, major		ii	ii	2		1	1	1	3	0	A	C	G	G	minor triad	1	True	True	True	True	True	2	2	2	True	True	False
542	1	135.5	74	2	D	0	4.5	0	4	4	1	1	1/16	True	0	34	34	34	34a	5	271/2	False	False				False	134	ii6		G	I		ii6	ii		6			m	False	False	(-1, 3, 2)	()	2	-1	major	major	I	I, major	ii		I	I	False	ii6	ii6, major		ii6, major		ii	ii	2		1	1	1	3	0	A	C	G	G	minor triad	1	True	True	True	True	True	1	1	1	False	False	False
543	1	135.75	76	4	E	0	4.75	0	4	4	1	1	1/16	True	0	34	34	34	34a	5	543/4	False	False				False	134	ii6		G	I		ii6	ii		6			m	False	False	(-1, 3, 2)	()	2	-1	major	major	I	I, major	ii		I	I	False	ii6	ii6, major		ii6, major		ii	ii	2		1	1	1	3	0	A	C	G	G	minor triad	1	True	True	True	True	True	3	3	3	True	False	False
544	4	136.0	62	2	D	0	1.0	1	4	4	3	1	1/4	True	0	35	35	35	35a	4	136	False	True				False	135	V		G	I		V	V					M	False	False	(1, 5, 2)	()	1	1	major	major	I	I, major	V		I	I	False	V	V, major		V, major		V	V	5		1	1	1	2	2	D	D	G	G	major triad	0	True	True	True	True	True	1	1	1	True	True	True
544	4	136.0	62	2	D	0	1.0	1	4	4	4	1	1/4	True	0	35	35	35	35a	4	136	False	True				False	135	V		G	I		V	V					M	False	False	(1, 5, 2)	()	1	1	major	major	I	I, major	V		I	I	False	V	V, major		V, major		V	V	5		1	1	1	2	2	D	D	G	G	major triad	0	True	True	True	True	True	1	1	1	True	True	True
544	6	136.0	78	6	F	1	1.0	1	4	4	1	1	3/8	True	0	35	35	35	35a	5	136	False	True				False	135	V		G	I		V	V					M	False	False	(1, 5, 2)	()	1	1	major	major	I	I, major	V		I	I	False	V	V, major		V, major		V	V	5		1	1	1	2	2	D	D	G	G	major triad	0	True	True	True	True	True	5	5	5	True	False	False
544	2	136.0	81	3	A	0	1.0	1	4	4	2	1	1/8	False	0	35	35	35	35a	5	136	False	True				False	135	V		G	I		V	V					M	False	False	(1, 5, 2)	()	1	1	major	major	I	I, major	V		I	I	False	V	V, major		V, major		V	V	5		1	1	1	2	2	D	D	G	G	major triad	0	True	True	True	True	True	2	2	2	True	False	False
546	1	136.5	79	1	G	0	1.5	0	4	4	2	1	1/16	True	0	35	35	35	35a	5	273/2	False	False				False	135	V		G	I		V	V					M	False	False	(1, 5, 2)	()	1	1	major	major	I	I, major	V		I	I	False	V	V, major		V, major		V	V	5		1	1	1	2	2	D	D	G	G	major triad	0	True	True	True	True	True	0	0	0	False	False	False
547	1	136.75	81	3	A	0	1.75	0	4	4	2	1	1/16	True	0	35	35	35	35a	5	547/4	False	False				False	135	V		G	I		V	V					M	False	False	(1, 5, 2)	()	1	1	major	major	I	I, major	V		I	I	False	V	V, major		V, major		V	V	5		1	1	1	2	2	D	D	G	G	major triad	0	True	True	True	True	True	2	2	2	True	False	False
548	4	137.0	50	2	D	0	2.0	2	4	4	3	1	1/4	True	0	35	35	35	35a	3	137	False	True				False	136	iii6		G	I		iii6	iii		6			m	False	False	(1, 5, 4)	()	4	1	major	major	I	I, major	iii		I	I	False	iii6	iii6, major		iii6, major		iii	iii	3		1	1	1	5	2	B	D	G	G	minor triad	1	True	True	True	True	True	1	1	1	True	False	True
548	4	137.0	50	2	D	0	2.0	2	4	4	4	1	1/4	True	0	35	35	35	35a	3	137	False	True				False	136	iii6		G	I		iii6	iii		6			m	False	False	(1, 5, 4)	()	4	1	major	major	I	I, major	iii		I	I	False	iii6	iii6, major		iii6, major		iii	iii	3		1	1	1	5	2	B	D	G	G	minor triad	1	True	True	True	True	True	1	1	1	True	False	True
548	6	137.0	83	5	B	0	2.0	2	4	4	2	1	3/8	True	0	35	35	35	35a	5	137	False	True				False	136	iii6		G	I		iii6	iii		6			m	False	False	(1, 5, 4)	()	4	1	major	major	I	I, major	iii		I	I	False	iii6	iii6, major		iii6, major		iii	iii	3		1	1	1	5	2	B	D	G	G	minor triad	1	True	True	True	True	True	4	4	4	True	True	False
550	2	137.5	74	2	D	0	2.5	0	4	4	1	1	1/8	True	0	35	35	35	35a	5	275/2	False	False				False	136	iii6		G	I		iii6	iii		6			m	False	False	(1, 5, 4)	()	4	1	major	major	I	I, major	iii		I	I	False	iii6	iii6, major		iii6, major		iii	iii	3		1	1	1	5	2	B	D	G	G	minor triad	1	True	True	True	True	True	1	1	1	True	False	True
552	6	138.0	52	4	E	0	3.0	3	4	4	3	1	3/8	True	0	35	35	35	35a	3	138	False	True				False	137	vi		G	I		vi	vi					m	False	False	(3, 0, 4)	()	3	3	major	major	I	I, major	vi		I	I	False	vi	vi, major		vi, major		vi	vi	6		1	1	1	4	4	E	E	G	G	minor triad	0	True	True	True	True	True	3	3	3	True	True	True
552	6	138.0	52	4	E	0	3.0	3	4	4	4	1	3/8	True	0	35	35	35	35a	3	138	False	True				False	137	vi		G	I		vi	vi					m	False	False	(3, 0, 4)	()	3	3	major	major	I	I, major	vi		I	I	False	vi	vi, major		vi, major		vi	vi	6		1	1	1	4	4	E	E	G	G	minor triad	0	True	True	True	True	True	3	3	3	True	True	True
552	6	138.0	79	1	G	0	3.0	3	4	4	1	1	3/8	True	0	35	35	35	35a	5	138	False	True				False	137	vi		G	I		vi	vi					m	False	False	(3, 0, 4)	()	3	3	major	major	I	I, major	vi		I	I	False	vi	vi, major		vi, major		vi	vi	6		1	1	1	4	4	E	E	G	G	minor triad	0	True	True	True	True	True	0	0	0	True	False	False
554	2	138.5	79	1	G	0	3.5	0	4	4	2	1	1/8	True	0	35	35	35	35a	5	277/2	False	False				False	137	vi		G	I		vi	vi					m	False	False	(3, 0, 4)	()	3	3	major	major	I	I, major	vi		I	I	False	vi	vi, major		vi, major		vi	vi	6		1	1	1	4	4	E	E	G	G	minor triad	0	True	True	True	True	True	0	0	0	True	False	False
556	4	139.0	84	0	C	0	4.0	4	4	4	2	1	1/4	True	0	35	35	35	35a	6	139	False	True				False	138	IV6		G	I		IV6	IV		6			M	False	False	(3, 0, -1)	()	-1	3	major	major	I	I, major	IV		I	I	False	IV6	IV6, major		IV6, major		IV	IV	4		1	1	1	0	4	C	E	G	G	major triad	1	True	True	True	True	True	-1	-1	-1	True	True	False
558	1	139.5	50	2	D	0	4.5	0	4	4	3	1	1/16	True	0	35	35	35	35a	3	279/2	False	False				False	138	IV6		G	I		IV6	IV		6			M	False	False	(3, 0, -1)	()	-1	3	major	major	I	I, major	IV		I	I	False	IV6	IV6, major		IV6, major		IV	IV	4		1	1	1	0	4	C	E	G	G	major triad	1	True	True	True	True	True	1	1	1	False	False	False
558	1	139.5	50	2	D	0	4.5	0	4	4	4	1	1/16	True	0	35	35	35	35a	3	279/2	False	False				False	138	IV6		G	I		IV6	IV		6			M	False	False	(3, 0, -1)	()	-1	3	major	major	I	I, major	IV		I	I	False	IV6	IV6, major		IV6, major		IV	IV	4		1	1	1	0	4	C	E	G	G	major triad	1	True	True	True	True	True	1	1	1	False	False	False
558	1	139.5	78	6	F	1	4.5	0	4	4	1	1	1/16	True	0	35	35	35	35a	5	279/2	False	False				False	138	IV6		G	I		IV6	IV		6			M	False	False	(3, 0, -1)	()	-1	3	major	major	I	I, major	IV		I	I	False	IV6	IV6, major		IV6, major		IV	IV	4		1	1	1	0	4	C	E	G	G	major triad	1	True	True	True	True	True	5	5	5	False	False	False
559	1	139.75	52	4	E	0	4.75	0	4	4	3	1	1/16	True	0	35	35	35	35a	3	559/4	False	False				False	138	IV6		G	I		IV6	IV		6			M	False	False	(3, 0, -1)	()	-1	3	major	major	I	I, major	IV		I	I	False	IV6	IV6, major		IV6, major		IV	IV	4		1	1	1	0	4	C	E	G	G	major triad	1	True	True	True	True	True	3	3	3	True	False	True
559	1	139.75	52	4	E	0	4.75	0	4	4	4	1	1/16	True	0	35	35	35	35a	3	559/4	False	False				False	138	IV6		G	I		IV6	IV		6			M	False	False	(3, 0, -1)	()	-1	3	major	major	I	I, major	IV		I	I	False	IV6	IV6, major		IV6, major		IV	IV	4		1	1	1	0	4	C	E	G	G	major triad	1	True	True	True	True	True	3	3	3	True	False	True
559	1	139.75	76	4	E	0	4.75	0	4	4	1	1	1/16	True	0	35	35	35	35a	5	559/4	False	False				False	138	IV6		G	I		IV6	IV		6			M	False	False	(3, 0, -1)	()	-1	3	major	major	I	I, major	IV		I	I	False	IV6	IV6, major		IV6, major		IV	IV	4		1	1	1	0	4	C	E	G	G	major triad	1	True	True	True	True	True	3	3	3	True	False	True
560	2	140.0	54	6	F	1	1.0	1	4	4	3	1	1/8	True	0	36	36	36	36a	3	140	False	True				False	139	V65		G	I		V65	V		65			Mm7	False	False	(5, 2, -1, 1)	()	1	5	major	major	I	I, major	V		I	I	False	V65	V65, major		V65, major		V	V7	5		1	1	1	2	6	D	F#	G	G	dominant seventh chord	1	True	True	True	True	True	5	5	5	True	False	True
560	2	140.0	54	6	F	1	1.0	1	4	4	4	1	1/8	True	0	36	36	36	36a	3	140	False	True				False	139	V65		G	I		V65	V		65			Mm7	False	False	(5, 2, -1, 1)	()	1	5	major	major	I	I, major	V		I	I	False	V65	V65, major		V65, major		V	V7	5		1	1	1	2	6	D	F#	G	G	dominant seventh chord	1	True	True	True	True	True	5	5	5	True	False	True
560	4	140.0	81	3	A	0	1.0	1	4	4	1	1	1/4	True	0	36	36	36	36a	5	140	False	True				False	139	V65		G	I		V65	V		65			Mm7	False	False	(5, 2, -1, 1)	()	1	5	major	major	I	I, major	V		I	I	False	V65	V65, major		V65, major		V	V7	5		1	1	1	2	6	D	F#	G	G	dominant seventh chord	1	True	True	True	True	True	2	2	2	True	False	False
560	2	140.0	84	0	C	0	1.0	1	4	4	2	1	1/8	False	0	36	36	36	36a	6	140	False	True				False	139	V65		G	I		V65	V		65			Mm7	False	False	(5, 2, -1, 1)	()	1	5	major	major	I	I, major	V		I	I	False	V65	V65, major		V65, major		V	V7	5		1	1	1	2	6	D	F#	G	G	dominant seventh chord	1	True	True	True	True	True	-1	-1	-1	True	False	False
562	2	140.5	50	2	D	0	1.5	0	4	4	3	1	1/8	True	0	36	36	36	36a	3	281/2	False	False				False	139	V65		G	I		V65	V		65			Mm7	False	False	(5, 2, -1, 1)	()	1	5	major	major	I	I, major	V		I	I	False	V65	V65, major		V65, major		V	V7	5		1	1	1	2	6	D	F#	G	G	dominant seventh chord	1	True	True	True	True	True	1	1	1	True	True	False
562	2	140.5	50	2	D	0	1.5	0	4	4	4	1	1/8	True	0	36	36	36	36a	3	281/2	False	False				False	139	V65		G	I		V65	V		65			Mm7	False	False	(5, 2, -1, 1)	()	1	5	major	major	I	I, major	V		I	I	False	V65	V65, major		V65, major		V	V7	5		1	1	1	2	6	D	F#	G	G	dominant seventh chord	1	True	True	True	True	True	1	1	1	True	True	False
562	1	140.5	74	2	D	0	1.5	0	4	4	2	1	1/16	True	0	36	36	36	36a	5	281/2	False	False				False	139	V65		G	I		V65	V		65			Mm7	False	False	(5, 2, -1, 1)	()	1	5	major	major	I	I, major	V		I	I	False	V65	V65, major		V65, major		V	V7	5		1	1	1	2	6	D	F#	G	G	dominant seventh chord	1	True	True	True	True	True	1	1	1	True	True	False
563	1	140.75	72	0	C	0	1.75	0	4	4	2	1	1/16	True	0	36	36	36	36a	5	563/4	False	False				False	139	V65		G	I		V65	V		65			Mm7	False	False	(5, 2, -1, 1)	()	1	5	major	major	I	I, major	V		I	I	False	V65	V65, major		V65, major		V	V7	5		1	1	1	2	6	D	F#	G	G	dominant seventh chord	1	True	True	True	True	True	-1	-1	-1	True	False	False
564	2	141.0	55	1	G	0	2.0	2	4	4	3	1	1/8	True	0	36	36	36	36a	3	141	False	True				False	140	I		G	I		I	I					M	False	False	(0, 4, 1)	()	0	0	major	major	I	I, major	I		I	I	False	I	I, major		I, major		I	I	1		1	1	1	1	1	G	G	G	G	major triad	0	True	True	True	True	True	0	0	0	True	True	True
564	2	141.0	55	1	G	0	2.0	2	4	4	4	1	1/8	True	0	36	36	36	36a	3	141	False	True				False	140	I		G	I		I	I					M	False	False	(0, 4, 1)	()	0	0	major	major	I	I, major	I		I	I	False	I	I, major		I, major		I	I	1		1	1	1	1	1	G	G	G	G	major triad	0	True	True	True	True	True	0	0	0	True	True	True
564	2	141.0	71	5	B	0	2.0	2	4	4	2	1	1/8	True	0	36	36	36	36a	4	141	False	True				False	140	I		G	I		I	I					M	False	False	(0, 4, 1)	()	0	0	major	major	I	I, major	I		I	I	False	I	I, major		I, major		I	I	1		1	1	1	1	1	G	G	G	G	major triad	0	True	True	True	True	True	4	4	4	True	False	False
564	6	141.0	74	2	D	0	2.0	2	4	4	1	1	3/8	True	0	36	36	36	36a	5	141	False	True				False	140	I		G	I		I	I					M	False	False	(0, 4, 1)	()	0	0	major	major	I	I, major	I		I	I	False	I	I, major		I, major		I	I	1		1	1	1	1	1	G	G	G	G	major triad	0	True	True	True	True	True	1	1	1	True	False	False
566	2	141.5	47	5	B	0	2.5	0	4	4	3	1	1/8	True	0	36	36	36	36a	2	283/2	False	True				False	141	I6		G	I		I6	I		6			M	False	False	(4, 1, 0)	()	0	4	major	major	I	I, major	I		I	I	False	I6	I6, major		I6, major		I	I	1		1	1	1	1	5	G	B	G	G	major triad	1	True	True	True	True	True	4	4	4	True	False	True
566	2	141.5	47	5	B	0	2.5	0	4	4	4	1	1/8	True	0	36	36	36	36a	2	283/2	False	True				False	141	I6		G	I		I6	I		6			M	False	False	(4, 1, 0)	()	0	4	major	major	I	I, major	I		I	I	False	I6	I6, major		I6, major		I	I	1		1	1	1	1	5	G	B	G	G	major triad	1	True	True	True	True	True	4	4	4	True	False	True
566	2	141.5	74	2	D	0	2.5	0	4	4	2	1	1/8	True	0	36	36	36	36a	5	283/2	False	True				False	141	I6		G	I		I6	I		6			M	False	False	(4, 1, 0)	()	0	4	major	major	I	I, major	I		I	I	False	I6	I6, major		I6, major		I	I	1		1	1	1	1	5	G	B	G	G	major triad	1	True	True	True	True	True	1	1	1	True	False	False
568	6	142.0	48	0	C	0	3.0	3	4	4	3	1	3/8	True	0	36	36	36	36a	3	142	False	True				False	142	IV(9)		G	I		IV(9)	IV			9		M	False	False	(-1, 3, 0)	(1,)	-1	-1	major	major	I	I, major	IV		I	I	False	IV	IV, major		IV(9), major		IV	IV	4		1	1	1	0	0	C	C	G	G	major triad	0	True	True	True	True	True	-1	-1	-1	True	True	True
568	6	142.0	48	0	C	0	3.0	3	4	4	4	1	3/8	True	0	36	36	36	36a	3	142	False	True				False	142	IV(9)		G	I		IV(9)	IV			9		M	False	False	(-1, 3, 0)	(1,)	-1	-1	major	major	I	I, major	IV		I	I	False	IV	IV, major		IV(9), major		IV	IV	4		1	1	1	0	0	C	C	G	G	major triad	0	True	True	True	True	True	-1	-1	-1	True	True	True
568	6	142.0	64	4	E	0	3.0	3	4	4	2	1	3/8	True	0	36	36	36	36a	4	142	False	True				False	142	IV(9)		G	I		IV(9)	IV			9		M	False	False	(-1, 3, 0)	(1,)	-1	-1	major	major	I	I, major	IV		I	I	False	IV	IV, major		IV(9), major		IV	IV	4		1	1	1	0	0	C	C	G	G	major triad	0	True	True	True	True	True	3	3	3	True	False	False
570	2	142.5	67	1	G	0	3.5	0	4	4	1	1	1/8	True	0	36	36	36	36a	4	285/2	False	False				False	142	IV(9)		G	I		IV(9)	IV			9		M	False	False	(-1, 3, 0)	(1,)	-1	-1	major	major	I	I, major	IV		I	I	False	IV	IV, major		IV(9), major		IV	IV	4		1	1	1	0	0	C	C	G	G	major triad	0	True	True	True	True	True	0	0	0	True	False	False
572	4	143.0	72	0	C	0	4.0	4	4	4	1	1	1/4	True	0	36	36	36	36a	5	143	False	True				False	143	IV		G	I		IV	IV					M	False	False	(-1, 3, 0)	()	-1	-1	major	major	I	I, major	IV		I	I	False	IV	IV, major		IV, major		IV	IV	4		1	1	1	0	0	C	C	G	G	major triad	0	True	True	True	True	True	-1	-1	-1	True	True	True
574	2	143.5	48	0	C	0	4.5	0	4	4	3	1	1/8	True	0	36	36	36	36a	3	287/2	False	True				False	144	ii6		G	I		ii6	ii		6			m	False	False	(-1, 3, 2)	()	2	-1	major	major	I	I, major	ii		I	I	False	ii6	ii6, major		ii6, major		ii	ii	2		1	1	1	3	0	A	C	G	G	minor triad	1	True	True	True	True	True	-1	-1	-1	True	False	True
574	2	143.5	48	0	C	0	4.5	0	4	4	4	1	1/8	True	0	36	36	36	36a	3	287/2	False	True				False	144	ii6		G	I		ii6	ii		6			m	False	False	(-1, 3, 2)	()	2	-1	major	major	I	I, major	ii		I	I	False	ii6	ii6, major		ii6, major		ii	ii	2		1	1	1	3	0	A	C	G	G	minor triad	1	True	True	True	True	True	-1	-1	-1	True	False	True
574	2	143.5	69	3	A	0	4.5	0	4	4	2	1	1/8	True	0	36	36	36	36a	4	287/2	False	True				False	144	ii6		G	I		ii6	ii		6			m	False	False	(-1, 3, 2)	()	2	-1	major	major	I	I, major	ii		I	I	False	ii6	ii6, major		ii6, major		ii	ii	2		1	1	1	3	0	A	C	G	G	minor triad	1	True	True	True	True	True	2	2	2	True	True	False
576	8	144.0	50	2	D	0	1.0	1	4	4	3	1	1/2	True	0	37	37	37	37a	3	144	False	True				False	145	V7		G	I		V7	V		7			Mm7	False	False	(1, 5, 2, -1)	()	1	1	major	major	I	I, major	V		I	I	False	V7	V7, major		V7, major		V	V7	5		1	1	1	2	2	D	D	G	G	dominant seventh chord	7	True	True	True	True	True	1	1	1	True	True	True
576	8	144.0	50	2	D	0	1.0	1	4	4	4	1	1/2	True	0	37	37	37	37a	3	144	False	True				False	145	V7		G	I		V7	V		7			Mm7	False	False	(1, 5, 2, -1)	()	1	1	major	major	I	I, major	V		I	I	False	V7	V7, major		V7, major		V	V7	5		1	1	1	2	2	D	D	G	G	dominant seventh chord	7	True	True	True	True	True	1	1	1	True	True	True
576	2	144.0	66	6	F	1	1.0	1	4	4	2	1	1/8	True	0	37	37	37	37a	4	144	False	True				False	145	V7		G	I		V7	V		7			Mm7	False	False	(1, 5, 2, -1)	()	1	1	major	major	I	I, major	V		I	I	False	V7	V7, major		V7, major		V	V7	5		1	1	1	2	2	D	D	G	G	dominant seventh chord	7	True	True	True	True	True	5	5	5	True	False	False
576	4	144.0	72	0	C	0	1.0	1	4	4	1	1	1/4	False	0	37	37	37	37a	5	144	False	True				False	145	V7		G	I		V7	V		7			Mm7	False	False	(1, 5, 2, -1)	()	1	1	major	major	I	I, major	V		I	I	False	V7	V7, major		V7, major		V	V7	5		1	1	1	2	2	D	D	G	G	dominant seventh chord	7	True	True	True	True	True	-1	-1	-1	True	False	False
578	2	144.5	62	2	D	0	1.5	0	4	4	2	1	1/8	True	0	37	37	37	37a	4	289/2	False	False				False	145	V7		G	I		V7	V		7			Mm7	False	False	(1, 5, 2, -1)	()	1	1	major	major	I	I, major	V		I	I	False	V7	V7, major		V7, major		V	V7	5		1	1	1	2	2	D	D	G	G	dominant seventh chord	7	True	True	True	True	True	1	1	1	True	True	True
580	8	145.0	67	1	G	0	2.0	2	4	4	2	1	1/2	True	0	37	37	37	37a	4	145	False	True				False	146	V(64)		G	I		V(64)	V			64		M	False	False	(1, 0, 4)	()	1	1	major	major	I	I, major	V		I	I	False	V	V, major		V(64), major		V	Cad	5		1	1	1	2	2	D	D	G	G	major triad	0	True	True	True	True	True	0	0	0	True	False	False
580	4	145.0	71	5	B	0	2.0	2	4	4	1	1	1/4	True	0	37	37	37	37a	4	145	False	True				False	146	V(64)		G	I		V(64)	V			64		M	False	False	(1, 0, 4)	()	1	1	major	major	I	I, major	V		I	I	False	V	V, major		V(64), major		V	Cad	5		1	1	1	2	2	D	D	G	G	major triad	0	True	True	True	True	True	4	4	4	True	False	False
584	8	146.0	38	2	D	0	3.0	3	4	4	3	1	1/2	True	0	37	37	37	37a	2	146	False	True				False	147	V(4)		G	I		V(4)	V			4		M	False	False	(1, 0, 2)	()	1	1	major	major	I	I, major	V		I	I	False	V	V, major		V(4), major		V	V	5		1	1	1	2	2	D	D	G	G	major triad	0	True	True	True	True	True	1	1	1	True	True	True
584	8	146.0	38	2	D	0	3.0	3	4	4	4	1	1/2	True	0	37	37	37	37a	2	146	False	True				False	147	V(4)		G	I		V(4)	V			4		M	False	False	(1, 0, 2)	()	1	1	major	major	I	I, major	V		I	I	False	V	V, major		V(4), major		V	V	5		1	1	1	2	2	D	D	G	G	major triad	0	True	True	True	True	True	1	1	1	True	True	True
584	8	146.0	69	3	A	0	3.0	3	4	4	1	1	1/2	True	0	37	37	37	37a	4	146	False	True				False	147	V(4)		G	I		V(4)	V			4		M	False	False	(1, 0, 2)	()	1	1	major	major	I	I, major	V		I	I	False	V	V, major		V(4), major		V	V	5		1	1	1	2	2	D	D	G	G	major triad	0	True	True	True	True	True	2	2	2	True	False	False
588	4	147.0	66	6	F	1	4.0	4	4	4	2	1	1/4	True	0	37	37	37	37a	4	147	False	True				False	148	V		G	I		V	V					M	False	False	(1, 5, 2)	()	1	1	major	major	I	I, major	V		I	I	False	V	V, major		V, major		V	V	5		1	1	1	2	2	D	D	G	G	major triad	0	True	True	True	True	True	5	5	5	True	False	False
592	16	148.0	43	1	G	0	1.0	1	4	4	3	1	1	True	0	38	38	38	38a	2	148	False	True	PAC	PAC	}	True	149	I|PAC}		G	I		I	I					M	False	False	(0, 4, 1)	()	0	0	major	major	I	I, major	I		I	I	False	I	I, major		I, major		I	I	1		1	1	1	1	1	G	G	G	G	major triad	0	True	True	True	True	True	0	0	0	True	True	True
592	16	148.0	43	1	G	0	1.0	1	4	4	4	1	1	True	0	38	38	38	38a	2	148	False	True	PAC	PAC	}	True	149	I|PAC}		G	I		I	I					M	False	False	(0, 4, 1)	()	0	0	major	major	I	I, major	I		I	I	False	I	I, major		I, major		I	I	1		1	1	1	1	1	G	G	G	G	major triad	0	True	True	True	True	True	0	0	0	True	True	True
592	16	148.0	67	1	G	0	1.0	1	4	4	1	1	1	True	0	38	38	38	38a	4	148	False	True	PAC	PAC	}	True	149	I|PAC}		G	I		I	I					M	False	False	(0, 4, 1)	()	0	0	major	major	I	I, major	I		I	I	False	I	I, major		I, major		I	I	1		1	1	1	1	1	G	G	G	G	major triad	0	True	True	True	True	True	0	0	0	True	True	True
592	16	148.0	67	1	G	0	1.0	1	4	4	2	1	1	True	0	38	38	38	38a	4	148	False	True	PAC	PAC	}	True	149	I|PAC}		G	I		I	I					M	False	False	(0, 4, 1)	()	0	0	major	major	I	I, major	I		I	I	False	I	I, major		I, major		I	I	1		1	1	1	1	1	G	G	G	G	major triad	0	True	True	True	True	True	0	0	0	True	True	True
608	8	152.0	67	1	G	0	1.0	1	4	4	1	1	1/2	True	0	1	39	1	1b	4	152	True	False			{	False	150	G.I{		G	I		I	I					M	False	False	(0, 4, 1)	()	0	0	major	major	I	I, major	I		I	I	False	I	I, major		I, major		I	I	1		1	1	1	1	1	G	G	G	G	major triad	0	True	True	True	True	True	0	0	0	True	True	True
612	8	153.0	55	1	G	0	2.0	2	4	4	4	1	1/2	True	0	1	39	1	1b	3	153	False	False				False	150	G.I{		G	I		I	I					M	False	False	(0, 4, 1)	()	0	0	major	major	I	I, major	I		I	I	False	I	I, major		I, major		I	I	1		1	1	1	1	1	G	G	G	G	major triad	0	True	True	True	True	True	0	0	0	True	True	True
616	6	154.0	69	3	A	0	3.0	3	4	4	1	1	3/8	True	0	1	39	1	1b	4	154	False	True				False	151	ii2		G	I		ii2	ii		2			mm7	False	False	(0, 2, -1, 3)	()	2	0	major	major	I	I, major	ii		I	I	False	ii2	ii2, major		ii2, major		ii	ii7	2		1	1	1	3	1	A	G	G	G		3	True	True	True	True	True	2	2	2	True	True	False
620	4	155.0	54	6	F	1	4.0	4	4	4	4	1	1/4	True	0	1	39	1	1b	3	155	False	True				False	152	V6		G	I		V6	V		6			M	False	False	(5, 2, 1)	()	1	5	major	major	I	I, major	V		I	I	False	V6	V6, major		V6, major		V	V	5		1	1	1	2	6	D	F#	G	G	major triad	1	True	True	True	True	True	5	5	5	True	False	True
622	1	155.5	67	1	G	0	4.5	0	4	4	1	1	1/16	True	0	1	39	1	1b	4	311/2	False	False				False	152	V6		G	I		V6	V		6			M	False	False	(5, 2, 1)	()	1	5	major	major	I	I, major	V		I	I	False	V6	V6, major		V6, major		V	V	5		1	1	1	2	6	D	F#	G	G	major triad	1	True	True	True	True	True	0	0	0	False	False	False
623	1	155.75	69	3	A	0	4.75	0	4	4	1	1	1/16	True	0	1	39	1	1b	4	623/4	False	False				False	152	V6		G	I		V6	V		6			M	False	False	(5, 2, 1)	()	1	5	major	major	I	I, major	V		I	I	False	V6	V6, major		V6, major		V	V	5		1	1	1	2	6	D	F#	G	G	major triad	1	True	True	True	True	True	2	2	2	True	False	False
624	4	156.0	55	1	G	0	1.0	1	4	4	4	1	1/4	True	0	2	40	2	2b	3	156	False	True				False	153	I		G	I		I	I					M	False	False	(0, 4, 1)	()	0	0	major	major	I	I, major	I		I	I	False	I	I, major		I, major		I	I	1		1	1	1	1	1	G	G	G	G	major triad	0	True	True	True	True	True	0	0	0	True	True	True
624	2	156.0	71	5	B	0	1.0	1	4	4	1	1	1/8	True	0	2	40	2	2b	4	156	False	True				False	153	I		G	I		I	I					M	False	False	(0, 4, 1)	()	0	0	major	major	I	I, major	I		I	I	False	I	I, major		I, major		I	I	1		1	1	1	1	1	G	G	G	G	major triad	0	True	True	True	True	True	4	4	4	True	False	False
626	2	156.5	67	1	G	0	1.5	0	4	4	1	1	1/8	True	0	2	40	2	2b	4	313/2	False	False				False	153	I		G	I		I	I					M	False	False	(0, 4, 1)	()	0	0	major	major	I	I, major	I		I	I	False	I	I, major		I, major		I	I	1		1	1	1	1	1	G	G	G	G	major triad	0	True	True	True	True	True	0	0	0	True	True	True
628	4	157.0	47	5	B	0	2.0	2	4	4	4	1	1/4	True	0	2	40	2	2b	2	157	False	True				False	154	I6		G	I		I6	I		6			M	False	False	(4, 1, 0)	()	0	4	major	major	I	I, major	I		I	I	False	I6	I6, major		I6, major		I	I	1		1	1	1	1	5	G	B	G	G	major triad	1	True	True	True	True	True	4	4	4	True	False	True
628	2	157.0	74	2	D	0	2.0	2	4	4	1	1	1/8	True	0	2	40	2	2b	5	157	False	True				False	154	I6		G	I		I6	I		6			M	False	False	(4, 1, 0)	()	0	4	major	major	I	I, major	I		I	I	False	I6	I6, major		I6, major		I	I	1		1	1	1	1	5	G	B	G	G	major triad	1	True	True	True	True	True	1	1	1	True	False	False
630	2	157.5	74	2	D	0	2.5	0	4	4	1	1	1/8	True	0	2	40	2	2b	5	315/2	False	False				False	154	I6		G	I		I6	I		6			M	False	False	(4, 1, 0)	()	0	4	major	major	I	I, major	I		I	I	False	I6	I6, major		I6, major		I	I	1		1	1	1	1	5	G	B	G	G	major triad	1	True	True	True	True	True	1	1	1	True	False	False
632	4	158.0	48	0	C	0	3.0	3	4	4	4	1	1/4	True	0	2	40	2	2b	3	158	False	True				False	155	IV		G	I		IV	IV					M	False	False	(-1, 3, 0)	()	-1	-1	major	major	I	I, major	IV		I	I	False	IV	IV, major		IV, major		IV	IV	4		1	1	1	0	0	C	C	G	G	major triad	0	True	True	True	True	True	-1	-1	-1	True	True	True
632	4	158.0	76	4	E	0	3.0	3	4	4	1	1	1/4	True	0	2	40	2	2b	5	158	False	True				False	155	IV		G	I		IV	IV					M	False	False	(-1, 3, 0)	()	-1	-1	major	major	I	I, major	IV		I	I	False	IV	IV, major		IV, major		IV	IV	4		1	1	1	0	0	C	C	G	G	major triad	0	True	True	True	True	True	3	3	3	True	False	False
636	4	159.0	45	3	A	0	4.0	4	4	4	4	1	1/4	True	0	2	40	2	2b	2	159	False	True				False	156	viio6		G	I		viio6	vii	o	6			o	False	False	(2, -1, 5)	()	5	2	major	major	I	I, major	vii		I	I	False	viio6	viio6, major		viio6, major		vii	viio	7		1	1	1	6	3	F#	A	G	G	diminished triad	1	True	True	True	True	True	2	2	2	True	False	True
636	4	159.0	78	6	F	1	4.0	4	4	4	1	1	1/4	True	0	2	40	2	2b	5	159	False	True				False	156	viio6		G	I		viio6	vii	o	6			o	False	False	(2, -1, 5)	()	5	2	major	major	I	I, major	vii		I	I	False	viio6	viio6, major		viio6, major		vii	viio	7		1	1	1	6	3	F#	A	G	G	diminished triad	1	True	True	True	True	True	5	5	5	True	True	False
640	4	160.0	43	1	G	0	1.0	1	4	4	4	1	1/4	True	0	3	41	3	3b	2	160	False	True				False	157	I		G	I		I	I					M	False	False	(0, 4, 1)	()	0	0	major	major	I	I, major	I		I	I	False	I	I, major		I, major		I	I	1		1	1	1	1	1	G	G	G	G	major triad	0	True	True	True	True	True	0	0	0	True	True	True
640	2	160.0	79	1	G	0	1.0	1	4	4	1	1	1/8	True	0	3	41	3	3b	5	160	False	True				False	157	I		G	I		I	I					M	False	False	(0, 4, 1)	()	0	0	major	major	I	I, major	I		I	I	False	I	I, major		I, major		I	I	1		1	1	1	1	1	G	G	G	G	major triad	0	True	True	True	True	True	0	0	0	True	True	True
642	1	160.5	74	2	D	0	1.5	0	4	4	1	1	1/16	True	0	3	41	3	3b	5	321/2	False	False				False	157	I		G	I		I	I					M	False	False	(0, 4, 1)	()	0	0	major	major	I	I, major	I		I	I	False	I	I, major		I, major		I	I	1		1	1	1	1	1	G	G	G	G	major triad	0	True	True	True	True	True	1	1	1	True	False	False
643	1	160.75	72	0	C	0	1.75	0	4	4	1	1	1/16	True	0	3	41	3	3b	5	643/4	False	False				False	157	I		G	I		I	I					M	False	False	(0, 4, 1)	()	0	0	major	major	I	I, major	I		I	I	False	I	I, major		I, major		I	I	1		1	1	1	1	1	G	G	G	G	major triad	0	True	True	True	True	True	-1	-1	-1	False	False	False
644	4	161.0	55	1	G	0	2.0	2	4	4	4	1	1/4	True	0	3	41	3	3b	3	161	False	False				False	157	I		G	I		I	I					M	False	False	(0, 4, 1)	()	0	0	major	major	I	I, major	I		I	I	False	I	I, major		I, major		I	I	1		1	1	1	1	1	G	G	G	G	major triad	0	True	True	True	True	True	0	0	0	True	True	True
644	2	161.0	71	5	B	0	2.0	2	4	4	1	1	1/8	True	0	3	41	3	3b	4	161	False	False				False	157	I		G	I		I	I					M	False	False	(0, 4, 1)	()	0	0	major	major	I	I, major	I		I	I	False	I	I, major		I, major		I	I	1		1	1	1	1	1	G	G	G	G	major triad	0	True	True	True	True	True	4	4	4	True	False	False
646	1	161.5	69	3	A	0	2.5	0	4	4	1	1	1/16	True	0	3	41	3	3b	4	323/2	False	False				False	157	I		G	I		I	I					M	False	False	(0, 4, 1)	()	0	0	major	major	I	I, major	I		I	I	False	I	I, major		I, major		I	I	1		1	1	1	1	1	G	G	G	G	major triad	0	True	True	True	True	True	2	2	2	False	False	False
647	1	161.75	67	1	G	0	2.75	0	4	4	1	1	1/16	True	0	3	41	3	3b	4	647/4	False	False				False	157	I		G	I		I	I					M	False	False	(0, 4, 1)	()	0	0	major	major	I	I, major	I		I	I	False	I	I, major		I, major		I	I	1		1	1	1	1	1	G	G	G	G	major triad	0	True	True	True	True	True	0	0	0	True	True	True
648	6	162.0	54	6	F	1	3.0	3	4	4	4	1	3/8	True	0	3	41	3	3b	3	162	False	True				False	158	V		G	I		V	V					M	False	False	(1, 5, 2)	()	1	1	major	major	I	I, major	V		I	I	False	V	V, major		V, major		V	V	5		1	1	1	2	2	D	D	G	G	major triad	0	True	True	True	True	True	5	5	5	True	False	False
648	2	162.0	69	3	A	0	3.0	3	4	4	1	1	1/8	True	0	3	41	3	3b	4	162	False	True				False	158	V		G	I		V	V					M	False	False	(1, 5, 2)	()	1	1	major	major	I	I, major	V		I	I	False	V	V, major		V, major		V	V	5		1	1	1	2	2	D	D	G	G	major triad	0	True	True	True	True	True	2	2	2	True	False	False
648	8	162.0	74	2	D	0	3.0	3	4	4	2	1	1/2	True	0	3	41	3	3b	5	162	False	True				False	158	V		G	I		V	V					M	False	False	(1, 5, 2)	()	1	1	major	major	I	I, major	V		I	I	False	V	V, major		V, major		V	V	5		1	1	1	2	2	D	D	G	G	major triad	0	True	True	True	True	True	1	1	1	True	True	True
650	2	162.5	62	2	D	0	3.5	0	4	4	1	1	1/8	True	0	3	41	3	3b	4	325/2	False	False				False	158	V		G	I		V	V					M	False	False	(1, 5, 2)	()	1	1	major	major	I	I, major	V		I	I	False	V	V, major		V, major		V	V	5		1	1	1	2	2	D	D	G	G	major triad	0	True	True	True	True	True	1	1	1	True	True	True
652	4	163.0	74	2	D	0	4.0	4	4	4	1	1	1/4	True	0	3	41	3	3b	5	163	False	False				False	158	V		G	I		V	V					M	False	False	(1, 5, 2)	()	1	1	major	major	I	I, major	V		I	I	False	V	V, major		V, major		V	V	5		1	1	1	2	2	D	D	G	G	major triad	0	True	True	True	True	True	1	1	1	True	True	True
654	2	163.5	54	6	F	1	4.5	0	4	4	4	1	1/8	True	0	3	41	3	3b	3	327/2	False	False				False	158	V		G	I		V	V					M	False	False	(1, 5, 2)	()	1	1	major	major	I	I, major	V		I	I	False	V	V, major		V, major		V	V	5		1	1	1	2	2	D	D	G	G	major triad	0	True	True	True	True	True	5	5	5	True	False	False
656	2	164.0	55	1	G	0	1.0	1	4	4	4	1	1/8	True	0	4	42	4	4b	3	164	False	True				False	159	ii65/V		G	I		ii65/V	ii		65		V	mm7	False	False	(0, 4, 1, 3)	()	3	0	major	major	I	I, major	ii/V	V	V/I	V	False	ii65/V	ii65/V, major		ii65/V, major	V	V	ii7	2	5	1	1	2	4	1	E	G	G	D		1	True	True	True	True	True	0	0	-1	True	False	True
656	4	164.0	74	2	D	0	1.0	1	4	4	1	1	1/4	False	0	4	42	4	4b	5	164	False	True				False	159	ii65/V		G	I		ii65/V	ii		65		V	mm7	False	False	(0, 4, 1, 3)	()	3	0	major	major	I	I, major	ii/V	V	V/I	V	False	ii65/V	ii65/V, major		ii65/V, major	V	V	ii7	2	5	1	1	2	4	1	E	G	G	D		1	True	True	True	True	True	1	1	0	True	False	False
656	6	164.0	76	4	E	0	1.0	1	4	4	2	1	3/8	True	0	4	42	4	4b	5	164	False	True				False	159	ii65/V		G	I		ii65/V	ii		65		V	mm7	False	False	(0, 4, 1, 3)	()	3	0	major	major	I	I, major	ii/V	V	V/I	V	False	ii65/V	ii65/V, major		ii65/V, major	V	V	ii7	2	5	1	1	2	4	1	E	G	G	D		1	True	True	True	True	True	3	3	2	True	True	False
658	2	164.5	52	4	E	0	1.5	0	4	4	4	1	1/8	True	0	4	42	4	4b	3	329/2	False	False				False	159	ii65/V		G	I		ii65/V	ii		65		V	mm7	False	False	(0, 4, 1, 3)	()	3	0	major	major	I	I, major	ii/V	V	V/I	V	False	ii65/V	ii65/V, major		ii65/V, major	V	V	ii7	2	5	1	1	2	4	1	E	G	G	D		1	True	True	True	True	True	3	3	2	True	True	False
660	2	165.0	57	3	A	0	2.0	2	4	4	4	1	1/8	True	0	4	42	4	4b	3	165	False	True				False	160	V/V		G	I		V/V	V				V	M	False	False	(2, 6, 3)	()	2	2	major	major	I	I, major	V/V	V	V/I	V	False	V/V	V/V, major		V/V, major	V	V	V	5	5	1	1	2	3	3	A	A	G	D	major triad	0	True	True	True	True	True	2	2	1	True	True	True
660	4	165.0	73	7	C	1	2.0	2	4	4	1	1	1/4	True	0	4	42	4	4b	5	165	False	True				False	160	V/V		G	I		V/V	V				V	M	False	False	(2, 6, 3)	()	2	2	major	major	I	I, major	V/V	V	V/I	V	False	V/V	V/V, major		V/V, major	V	V	V	5	5	1	1	2	3	3	A	A	G	D	major triad	0	True	True	True	True	True	6	6	5	True	False	False
662	2	165.5	45	3	A	0	2.5	0	4	4	4	1	1/8	True	0	4	42	4	4b	2	331/2	False	False				False	160	V/V		G	I		V/V	V				V	M	False	False	(2, 6, 3)	()	2	2	major	major	I	I, major	V/V	V	V/I	V	False	V/V	V/V, major		V/V, major	V	V	V	5	5	1	1	2	3	3	A	A	G	D	major triad	0	True	True	True	True	True	2	2	1	True	True	True
662	1	165.5	74	2	D	0	2.5	0	4	4	2	1	1/16	True	0	4	42	4	4b	5	331/2	False	False				False	160	V/V		G	I		V/V	V				V	M	False	False	(2, 6, 3)	()	2	2	major	major	I	I, major	V/V	V	V/I	V	False	V/V	V/V, major		V/V, major	V	V	V	5	5	1	1	2	3	3	A	A	G	D	major triad	0	True	True	True	True	True	1	1	0	False	False	False
663	1	165.75	76	4	E	0	2.75	0	4	4	2	1	1/16	True	0	4	42	4	4b	5	663/4	False	False				False	160	V/V		G	I		V/V	V				V	M	False	False	(2, 6, 3)	()	2	2	major	major	I	I, major	V/V	V	V/I	V	False	V/V	V/V, major		V/V, major	V	V	V	5	5	1	1	2	3	3	A	A	G	D	major triad	0	True	True	True	True	True	3	3	2	True	False	False
664	6	166.0	50	2	D	0	3.0	3	4	4	4	1	3/8	True	0	4	42	4	4b	3	166	False	True				False	161	V		G	I		V	V					M	False	False	(1, 5, 2)	()	1	1	major	major	I	I, major	V		I	I	False	V	V, major		V, major		V	V	5		1	1	1	2	2	D	D	G	G	major triad	0	True	True	True	True	True	1	1	1	True	True	True
664	2	166.0	78	6	F	1	3.0	3	4	4	2	1	1/8	True	0	4	42	4	4b	5	166	False	True				False	161	V		G	I		V	V					M	False	False	(1, 5, 2)	()	1	1	major	major	I	I, major	V		I	I	False	V	V, major		V, major		V	V	5		1	1	1	2	2	D	D	G	G	major triad	0	True	True	True	True	True	5	5	5	True	False	False
666	2	166.5	74	2	D	0	3.5	0	4	4	2	1	1/8	True	0	4	42	4	4b	5	333/2	False	False				False	161	V		G	I		V	V					M	False	False	(1, 5, 2)	()	1	1	major	major	I	I, major	V		I	I	False	V	V, major		V, major		V	V	5		1	1	1	2	2	D	D	G	G	major triad	0	True	True	True	True	True	1	1	1	True	True	True
666	2	166.5	81	3	A	0	3.5	0	4	4	1	1	1/8	True	0	4	42	4	4b	5	333/2	False	False				False	161	V		G	I		V	V					M	False	False	(1, 5, 2)	()	1	1	major	major	I	I, major	V		I	I	False	V	V, major		V, major		V	V	5		1	1	1	2	2	D	D	G	G	major triad	0	True	True	True	True	True	2	2	2	True	False	False
668	2	167.0	78	6	F	1	4.0	4	4	4	1	1	1/8	True	0	4	42	4	4b	5	167	False	False				False	161	V		G	I		V	V					M	False	False	(1, 5, 2)	()	1	1	major	major	I	I, major	V		I	I	False	V	V, major		V, major		V	V	5		1	1	1	2	2	D	D	G	G	major triad	0	True	True	True	True	True	5	5	5	True	False	False
668	2	167.0	81	3	A	0	4.0	4	4	4	2	1	1/8	True	0	4	42	4	4b	5	167	False	False				False	161	V		G	I		V	V					M	False	False	(1, 5, 2)	()	1	1	major	major	I	I, major	V		I	I	False	V	V, major		V, major		V	V	5		1	1	1	2	2	D	D	G	G	major triad	0	True	True	True	True	True	2	2	2	True	False	False
670	2	167.5	54	6	F	1	4.5	0	4	4	4	1	1/8	True	0	4	42	4	4b	3	335/2	False	True				False	162	V6		G	I		V6	V		6			M	False	False	(5, 2, 1)	()	1	5	major	major	I	I, major	V		I	I	False	V6	V6, major		V6, major		V	V	5		1	1	1	2	6	D	F#	G	G	major triad	1	True	True	True	True	True	5	5	5	True	False	True
670	2	167.5	74	2	D	0	4.5	0	4	4	1	1	1/8	True	0	4	42	4	4b	5	335/2	False	True				False	162	V6		G	I		V6	V		6			M	False	False	(5, 2, 1)	()	1	5	major	major	I	I, major	V		I	I	False	V6	V6, major		V6, major		V	V	5		1	1	1	2	6	D	F#	G	G	major triad	1	True	True	True	True	True	1	1	1	True	True	False
670	2	167.5	81	3	A	0	4.5	0	4	4	2	1	1/8	True	0	4	42	4	4b	5	335/2	False	True				False	162	V6		G	I		V6	V		6			M	False	False	(5, 2, 1)	()	1	5	major	major	I	I, major	V		I	I	False	V6	V6, major		V6, major		V	V	5		1	1	1	2	6	D	F#	G	G	major triad	1	True	True	True	True	True	2	2	2	True	False	False
672	4	168.0	52	4	E	0	1.0	1	4	4	4	1	1/4	True	0	5	43	5	5b	3	168	False	True				False	163	ii7/V		G	I		ii7/V	ii		7		V	mm7	False	False	(3, 0, 4, 1)	()	3	3	major	major	I	I, major	ii/V	V	V/I	V	False	ii7/V	ii7/V, major		ii7/V, major	V	V	ii7	2	5	1	1	2	4	4	E	E	G	D		7	True	True	True	True	True	3	3	2	True	True	True
672	6	168.0	79	1	G	0	1.0	1	4	4	1	1	3/8	True	0	5	43	5	5b	5	168	False	True				False	163	ii7/V		G	I		ii7/V	ii		7		V	mm7	False	False	(3, 0, 4, 1)	()	3	3	major	major	I	I, major	ii/V	V	V/I	V	False	ii7/V	ii7/V, major		ii7/V, major	V	V	ii7	2	5	1	1	2	4	4	E	E	G	D		7	True	True	True	True	True	0	0	-1	True	False	False
672	4	168.0	83	5	B	0	1.0	1	4	4	2	1	1/4	True	0	5	43	5	5b	5	168	False	True				False	163	ii7/V		G	I		ii7/V	ii		7		V	mm7	False	False	(3, 0, 4, 1)	()	3	3	major	major	I	I, major	ii/V	V	V/I	V	False	ii7/V	ii7/V, major		ii7/V, major	V	V	ii7	2	5	1	1	2	4	4	E	E	G	D		7	True	True	True	True	True	4	4	3	True	False	False
676	4	169.0	45	3	A	0	2.0	2	4	4	4	1	1/4	True	0	5	43	5	5b	2	169	False	True				False	164	V7/V		G	I		V7/V	V		7		V	Mm7	False	False	(2, 6, 3, 0)	()	2	2	major	major	I	I, major	V/V	V	V/I	V	False	V7/V	V7/V, major		V7/V, major	V	V	V7	5	5	1	1	2	3	3	A	A	G	D	dominant seventh chord	7	True	True	True	True	True	2	2	1	True	True	True
676	4	169.0	85	7	C	1	2.0	2	4	4	2	1	1/4	True	0	5	43	5	5b	6	169	False	True				False	164	V7/V		G	I		V7/V	V		7		V	Mm7	False	False	(2, 6, 3, 0)	()	2	2	major	major	I	I, major	V/V	V	V/I	V	False	V7/V	V7/V, major		V7/V, major	V	V	V7	5	5	1	1	2	3	3	A	A	G	D	dominant seventh chord	7	True	True	True	True	True	6	6	5	True	False	False
678	1	169.5	81	3	A	0	2.5	0	4	4	1	1	1/16	True	0	5	43	5	5b	5	339/2	False	False				False	164	V7/V		G	I		V7/V	V		7		V	Mm7	False	False	(2, 6, 3, 0)	()	2	2	major	major	I	I, major	V/V	V	V/I	V	False	V7/V	V7/V, major		V7/V, major	V	V	V7	5	5	1	1	2	3	3	A	A	G	D	dominant seventh chord	7	True	True	True	True	True	2	2	1	True	True	True
679	1	169.75	79	1	G	0	2.75	0	4	4	1	1	1/16	True	0	5	43	5	5b	5	679/4	False	False				False	164	V7/V		G	I		V7/V	V		7		V	Mm7	False	False	(2, 6, 3, 0)	()	2	2	major	major	I	I, major	V/V	V	V/I	V	False	V7/V	V7/V, major		V7/V, major	V	V	V7	5	5	1	1	2	3	3	A	A	G	D	dominant seventh chord	7	True	True	True	True	True	0	0	-1	True	False	False
680	4	170.0	50	2	D	0	3.0	3	4	4	4	1	1/4	True	0	5	43	5	5b	3	170	False	True	HC	HC	}	True	165	V|HC}		G	I		V	V					M	False	False	(1, 5, 2)	()	1	1	major	major	I	I, major	V		I	I	False	V	V, major		V, major		V	V	5		1	1	1	2	2	D	D	G	G	major triad	0	True	True	True	True	True	1	1	1	True	True	True
680	2	170.0	78	6	F	1	3.0	3	4	4	1	1	1/8	True	0	5	43	5	5b	5	170	False	True	HC	HC	}	True	165	V|HC}		G	I		V	V					M	False	False	(1, 5, 2)	()	1	1	major	major	I	I, major	V		I	I	False	V	V, major		V, major		V	V	5		1	1	1	2	2	D	D	G	G	major triad	0	True	True	True	True	True	5	5	5	True	False	False
680	6	170.0	86	2	D	0	3.0	3	4	4	2	1	3/8	True	0	5	43	5	5b	6	170	False	True	HC	HC	}	True	165	V|HC}		G	I		V	V					M	False	False	(1, 5, 2)	()	1	1	major	major	I	I, major	V		I	I	False	V	V, major		V, major		V	V	5		1	1	1	2	2	D	D	G	G	major triad	0	True	True	True	True	True	1	1	1	True	True	True
682	2	170.5	69	3	A	0	3.5	0	4	4	1	1	1/8	True	0	5	43	5	5b	4	341/2	False	False				False	165	V|HC}		G	I		V	V					M	False	False	(1, 5, 2)	()	1	1	major	major	I	I, major	V		I	I	False	V	V, major		V, major		V	V	5		1	1	1	2	2	D	D	G	G	major triad	0	True	True	True	True	True	2	2	2	True	False	False
684	4	171.0	74	2	D	0	4.0	4	4	4	1	1	1/4	True	0	5	43	5	5b	5	171	False	False				False	165	V|HC}		G	I		V	V					M	False	False	(1, 5, 2)	()	1	1	major	major	I	I, major	V		I	I	False	V	V, major		V, major		V	V	5		1	1	1	2	2	D	D	G	G	major triad	0	True	True	True	True	True	1	1	1	True	True	True
686	2	171.5	74	2	D	0	4.5	0	4	4	2	1	1/8	True	0	5	43	5	5b	5	343/2	False	False				False	165	V|HC}		G	I		V	V					M	False	False	(1, 5, 2)	()	1	1	major	major	I	I, major	V		I	I	False	V	V, major		V, major		V	V	5		1	1	1	2	2	D	D	G	G	major triad	0	True	True	True	True	True	1	1	1	True	True	True
688	2	172.0	74	2	D	0	1.0	1	4	4	1	1	1/8	False	0	6	44	6	6b	5	172	False	False			{	False	166	{		G	I		V	V					M	False	False	()	()	1	1	major	major	I	I, major	V		I	I	False		, major		V, major		V	V	5		1	1	1	2	2	D	D	G	G	None	0	False	True	True	True	True	1	1	1	False	True	True
688	2	172.0	76	4	E	0	1.0	1	4	4	2	1	1/8	True	0	6	44	6	6b	5	172	False	False			{	False	166	{		G	I		V	V					M	False	False	()	()	1	1	major	major	I	I, major	V		I	I	False		, major		V, major		V	V	5		1	1	1	2	2	D	D	G	G	None	0	False	True	True	True	True	3	3	3	False	False	False
690	1	172.5	72	0	C	0	1.5	0	4	4	1	1	1/16	True	0	6	44	6	6b	5	345/2	False	False				False	166	{		G	I		V	V					M	False	False	()	()	1	1	major	major	I	I, major	V		I	I	False		, major		V, major		V	V	5		1	1	1	2	2	D	D	G	G	None	0	False	True	True	True	True	-1	-1	-1	False	False	False
690	1	172.5	78	6	F	1	1.5	0	4	4	2	1	1/16	True	0	6	44	6	6b	5	345/2	False	False				False	166	{		G	I		V	V					M	False	False	()	()	1	1	major	major	I	I, major	V		I	I	False		, major		V, major		V	V	5		1	1	1	2	2	D	D	G	G	None	0	False	True	True	True	True	5	5	5	False	False	False
691	1	172.75	71	5	B	0	1.75	0	4	4	1	1	1/16	True	0	6	44	6	6b	4	691/4	False	False				False	166	{		G	I		V	V					M	False	False	()	()	1	1	major	major	I	I, major	V		I	I	False		, major		V, major		V	V	5		1	1	1	2	2	D	D	G	G	None	0	False	True	True	True	True	4	4	4	False	False	False
691	1	172.75	79	1	G	0	1.75	0	4	4	2	1	1/16	True	0	6	44	6	6b	5	691/4	False	False				False	166	{		G	I		V	V					M	False	False	()	()	1	1	major	major	I	I, major	V		I	I	False		, major		V, major		V	V	5		1	1	1	2	2	D	D	G	G	None	0	False	True	True	True	True	0	0	0	False	False	False
692	6	173.0	72	0	C	0	2.0	2	4	4	1	1	3/8	True	0	6	44	6	6b	5	173	False	True				False	167	V2		G	I		V2	V		2			Mm7	False	False	(-1, 1, 5, 2)	()	1	-1	major	major	I	I, major	V		I	I	False	V2	V2, major		V2, major		V	V7	5		1	1	1	2	0	D	C	G	G	dominant seventh chord	3	True	True	True	True	True	-1	-1	-1	True	False	True
692	2	173.0	81	3	A	0	2.0	2	4	4	2	1	1/8	True	0	6	44	6	6b	5	173	False	True				False	167	V2		G	I		V2	V		2			Mm7	False	False	(-1, 1, 5, 2)	()	1	-1	major	major	I	I, major	V		I	I	False	V2	V2, major		V2, major		V	V7	5		1	1	1	2	0	D	C	G	G	dominant seventh chord	3	True	True	True	True	True	2	2	2	True	False	False
694	2	173.5	81	3	A	0	2.5	0	4	4	2	1	1/8	True	0	6	44	6	6b	5	347/2	False	False				False	167	V2		G	I		V2	V		2			Mm7	False	False	(-1, 1, 5, 2)	()	1	-1	major	major	I	I, major	V		I	I	False	V2	V2, major		V2, major		V	V7	5		1	1	1	2	0	D	C	G	G	dominant seventh chord	3	True	True	True	True	True	2	2	2	True	False	False
696	8	174.0	43	1	G	0	3.0	3	4	4	3	1	1/2	True	0	6	44	6	6b	2	174	False	True				False	168	I(4)		G	I		I(4)	I			4		M	False	False	(0, -1, 1)	()	0	0	major	major	I	I, major	I		I	I	False	I	I, major		I(4), major		I	I	1		1	1	1	1	1	G	G	G	G	major triad	0	True	True	True	True	True	0	0	0	True	True	True
696	8	174.0	43	1	G	0	3.0	3	4	4	4	1	1/2	True	0	6	44	6	6b	2	174	False	True				False	168	I(4)		G	I		I(4)	I			4		M	False	False	(0, -1, 1)	()	0	0	major	major	I	I, major	I		I	I	False	I	I, major		I(4), major		I	I	1		1	1	1	1	1	G	G	G	G	major triad	0	True	True	True	True	True	0	0	0	True	True	True
696	2	174.0	74	2	D	0	3.0	3	4	4	2	1	1/8	True	0	6	44	6	6b	5	174	False	True				False	168	I(4)		G	I		I(4)	I			4		M	False	False	(0, -1, 1)	()	0	0	major	major	I	I, major	I		I	I	False	I	I, major		I(4), major		I	I	1		1	1	1	1	1	G	G	G	G	major triad	0	True	True	True	True	True	1	1	1	True	False	False
698	1	174.5	71	5	B	0	3.5	0	4	4	1	1	1/16	True	0	6	44	6	6b	4	349/2	False	False				False	168	I(4)		G	I		I(4)	I			4		M	False	False	(0, -1, 1)	()	0	0	major	major	I	I, major	I		I	I	False	I	I, major		I(4), major		I	I	1		1	1	1	1	1	G	G	G	G	major triad	0	True	True	True	True	True	4	4	4	False	False	False
698	1	174.5	76	4	E	0	3.5	0	4	4	2	1	1/16	True	0	6	44	6	6b	5	349/2	False	False				False	168	I(4)		G	I		I(4)	I			4		M	False	False	(0, -1, 1)	()	0	0	major	major	I	I, major	I		I	I	False	I	I, major		I(4), major		I	I	1		1	1	1	1	1	G	G	G	G	major triad	0	True	True	True	True	True	3	3	3	False	False	False
699	1	174.75	69	3	A	0	3.75	0	4	4	1	1	1/16	True	0	6	44	6	6b	4	699/4	False	False				False	168	I(4)		G	I		I(4)	I			4		M	False	False	(0, -1, 1)	()	0	0	major	major	I	I, major	I		I	I	False	I	I, major		I(4), major		I	I	1		1	1	1	1	1	G	G	G	G	major triad	0	True	True	True	True	True	2	2	2	False	False	False
699	1	174.75	78	6	F	1	3.75	0	4	4	2	1	1/16	True	0	6	44	6	6b	5	699/4	False	False				False	168	I(4)		G	I		I(4)	I			4		M	False	False	(0, -1, 1)	()	0	0	major	major	I	I, major	I		I	I	False	I	I, major		I(4), major		I	I	1		1	1	1	1	1	G	G	G	G	major triad	0	True	True	True	True	True	5	5	5	False	False	False
700	2	175.0	71	5	B	0	4.0	4	4	4	1	1	1/8	True	0	6	44	6	6b	4	175	False	True				False	169	I		G	I		I	I					M	False	False	(0, 4, 1)	()	0	0	major	major	I	I, major	I		I	I	False	I	I, major		I, major		I	I	1		1	1	1	1	1	G	G	G	G	major triad	0	True	True	True	True	True	4	4	4	True	False	False
700	4	175.0	79	1	G	0	4.0	4	4	4	2	1	1/4	True	0	6	44	6	6b	5	175	False	True				False	169	I		G	I		I	I					M	False	False	(0, 4, 1)	()	0	0	major	major	I	I, major	I		I	I	False	I	I, major		I, major		I	I	1		1	1	1	1	1	G	G	G	G	major triad	0	True	True	True	True	True	0	0	0	True	True	True
702	2	175.5	74	2	D	0	4.5	0	4	4	1	1	1/8	True	0	6	44	6	6b	5	351/2	False	False				False	169	I		G	I		I	I					M	False	False	(0, 4, 1)	()	0	0	major	major	I	I, major	I		I	I	False	I	I, major		I, major		I	I	1		1	1	1	1	1	G	G	G	G	major triad	0	True	True	True	True	True	1	1	1	True	False	False
704	6	176.0	45	3	A	0	1.0	1	4	4	3	1	3/8	True	0	7	45	7	7b	2	176	False	True				False	170	ii7		G	I		ii7	ii		7			mm7	False	False	(2, -1, 3, 0)	()	2	2	major	major	I	I, major	ii		I	I	False	ii7	ii7, major		ii7, major		ii	ii7	2		1	1	1	3	3	A	A	G	G		7	True	True	True	True	True	2	2	2	True	True	True
704	6	176.0	45	3	A	0	1.0	1	4	4	4	1	3/8	True	0	7	45	7	7b	2	176	False	True				False	170	ii7		G	I		ii7	ii		7			mm7	False	False	(2, -1, 3, 0)	()	2	2	major	major	I	I, major	ii		I	I	False	ii7	ii7, major		ii7, major		ii	ii7	2		1	1	1	3	3	A	A	G	G		7	True	True	True	True	True	2	2	2	True	True	True
704	1	176.0	72	0	C	0	1.0	1	4	4	1	1	1/16	True	0	7	45	7	7b	5	176	False	True				False	170	ii7		G	I		ii7	ii		7			mm7	False	False	(2, -1, 3, 0)	()	2	2	major	major	I	I, major	ii		I	I	False	ii7	ii7, major		ii7, major		ii	ii7	2		1	1	1	3	3	A	A	G	G		7	True	True	True	True	True	-1	-1	-1	True	False	False
704	4	176.0	79	1	G	0	1.0	1	4	4	2	1	1/4	False	0	7	45	7	7b	5	176	False	True				False	170	ii7		G	I		ii7	ii		7			mm7	False	False	(2, -1, 3, 0)	()	2	2	major	major	I	I, major	ii		I	I	False	ii7	ii7, major		ii7, major		ii	ii7	2		1	1	1	3	3	A	A	G	G		7	True	True	True	True	True	0	0	0	True	False	False
705	1	176.25	74	2	D	0	1.25	0	4	4	1	1	1/16	True	0	7	45	7	7b	5	705/4	False	False				False	170	ii7		G	I		ii7	ii		7			mm7	False	False	(2, -1, 3, 0)	()	2	2	major	major	I	I, major	ii		I	I	False	ii7	ii7, major		ii7, major		ii	ii7	2		1	1	1	3	3	A	A	G	G		7	True	True	True	True	True	1	1	1	False	False	False
706	1	176.5	71	5	B	0	1.5	0	4	4	1	1	1/16	True	0	7	45	7	7b	4	353/2	False	False				False	170	ii7		G	I		ii7	ii		7			mm7	False	False	(2, -1, 3, 0)	()	2	2	major	major	I	I, major	ii		I	I	False	ii7	ii7, major		ii7, major		ii	ii7	2		1	1	1	3	3	A	A	G	G		7	True	True	True	True	True	4	4	4	False	False	False
707	1	176.75	72	0	C	0	1.75	0	4	4	1	1	1/16	True	0	7	45	7	7b	5	707/4	False	False				False	170	ii7		G	I		ii7	ii		7			mm7	False	False	(2, -1, 3, 0)	()	2	2	major	major	I	I, major	ii		I	I	False	ii7	ii7, major		ii7, major		ii	ii7	2		1	1	1	3	3	A	A	G	G		7	True	True	True	True	True	-1	-1	-1	True	False	False
708	4	177.0	69	3	A	0	2.0	2	4	4	1	1	1/4	True	0	7	45	7	7b	4	177	False	True				False	171	viio6		G	I		viio6	vii	o	6			o	False	False	(2, -1, 5)	()	5	2	major	major	I	I, major	vii		I	I	False	viio6	viio6, major		viio6, major		vii	viio	7		1	1	1	6	3	F#	A	G	G	diminished triad	1	True	True	True	True	True	2	2	2	True	False	True
708	4	177.0	78	6	F	1	2.0	2	4	4	2	1	1/4	True	0	7	45	7	7b	5	177	False	True				False	171	viio6		G	I		viio6	vii	o	6			o	False	False	(2, -1, 5)	()	5	2	major	major	I	I, major	vii		I	I	False	viio6	viio6, major		viio6, major		vii	viio	7		1	1	1	6	3	F#	A	G	G	diminished triad	1	True	True	True	True	True	5	5	5	True	True	False
710	1	177.5	43	1	G	0	2.5	0	4	4	3	1	1/16	True	0	7	45	7	7b	2	355/2	False	False				False	171	viio6		G	I		viio6	vii	o	6			o	False	False	(2, -1, 5)	()	5	2	major	major	I	I, major	vii		I	I	False	viio6	viio6, major		viio6, major		vii	viio	7		1	1	1	6	3	F#	A	G	G	diminished triad	1	True	True	True	True	True	0	0	0	False	False	False
710	1	177.5	43	1	G	0	2.5	0	4	4	4	1	1/16	True	0	7	45	7	7b	2	355/2	False	False				False	171	viio6		G	I		viio6	vii	o	6			o	False	False	(2, -1, 5)	()	5	2	major	major	I	I, major	vii		I	I	False	viio6	viio6, major		viio6, major		vii	viio	7		1	1	1	6	3	F#	A	G	G	diminished triad	1	True	True	True	True	True	0	0	0	False	False	False
711	1	177.75	45	3	A	0	2.75	0	4	4	3	1	1/16	True	0	7	45	7	7b	2	711/4	False	False				False	171	viio6		G	I		viio6	vii	o	6			o	False	False	(2, -1, 5)	()	5	2	major	major	I	I, major	vii		I	I	False	viio6	viio6, major		viio6, major		vii	viio	7		1	1	1	6	3	F#	A	G	G	diminished triad	1	True	True	True	True	True	2	2	2	True	False	True
711	1	177.75	45	3	A	0	2.75	0	4	4	4	1	1/16	True	0	7	45	7	7b	2	711/4	False	False				False	171	viio6		G	I		viio6	vii	o	6			o	False	False	(2, -1, 5)	()	5	2	major	major	I	I, major	vii		I	I	False	viio6	viio6, major		viio6, major		vii	viio	7		1	1	1	6	3	F#	A	G	G	diminished triad	1	True	True	True	True	True	2	2	2	True	False	True
712	2	178.0	47	5	B	0	3.0	3	4	4	3	1	1/8	True	0	7	45	7	7b	2	178	False	True				False	172	I6		G	I		I6	I		6			M	False	False	(4, 1, 0)	()	0	4	major	major	I	I, major	I		I	I	False	I6	I6, major		I6, major		I	I	1		1	1	1	1	5	G	B	G	G	major triad	1	True	True	True	True	True	4	4	4	True	False	True
712	2	178.0	47	5	B	0	3.0	3	4	4	4	1	1/8	True	0	7	45	7	7b	2	178	False	True				False	172	I6		G	I		I6	I		6			M	False	False	(4, 1, 0)	()	0	4	major	major	I	I, major	I		I	I	False	I6	I6, major		I6, major		I	I	1		1	1	1	1	5	G	B	G	G	major triad	1	True	True	True	True	True	4	4	4	True	False	True
712	4	178.0	67	1	G	0	3.0	3	4	4	1	1	1/4	True	0	7	45	7	7b	4	178	False	True				False	172	I6		G	I		I6	I		6			M	False	False	(4, 1, 0)	()	0	4	major	major	I	I, major	I		I	I	False	I6	I6, major		I6, major		I	I	1		1	1	1	1	5	G	B	G	G	major triad	1	True	True	True	True	True	0	0	0	True	True	False
712	2	178.0	79	1	G	0	3.0	3	4	4	2	1	1/8	True	0	7	45	7	7b	5	178	False	True				False	172	I6		G	I		I6	I		6			M	False	False	(4, 1, 0)	()	0	4	major	major	I	I, major	I		I	I	False	I6	I6, major		I6, major		I	I	1		1	1	1	1	5	G	B	G	G	major triad	1	True	True	True	True	True	0	0	0	True	True	False
714	2	178.5	43	1	G	0	3.5	0	4	4	3	1	1/8	True	0	7	45	7	7b	2	357/2	False	True				False	173	I		G	I		I	I					M	False	False	(0, 4, 1)	()	0	0	major	major	I	I, major	I		I	I	False	I	I, major		I, major		I	I	1		1	1	1	1	1	G	G	G	G	major triad	0	True	True	True	True	True	0	0	0	True	True	True
714	2	178.5	43	1	G	0	3.5	0	4	4	4	1	1/8	True	0	7	45	7	7b	2	357/2	False	True				False	173	I		G	I		I	I					M	False	False	(0, 4, 1)	()	0	0	major	major	I	I, major	I		I	I	False	I	I, major		I, major		I	I	1		1	1	1	1	1	G	G	G	G	major triad	0	True	True	True	True	True	0	0	0	True	True	True
714	2	178.5	71	5	B	0	3.5	0	4	4	2	1	1/8	True	0	7	45	7	7b	4	357/2	False	True				False	173	I		G	I		I	I					M	False	False	(0, 4, 1)	()	0	0	major	major	I	I, major	I		I	I	False	I	I, major		I, major		I	I	1		1	1	1	1	1	G	G	G	G	major triad	0	True	True	True	True	True	4	4	4	True	False	False
716	2	179.0	50	2	D	0	4.0	4	4	4	3	1	1/8	True	0	7	45	7	7b	3	179	False	True				False	174	V		G	I		V	V					M	False	False	(1, 5, 2)	()	1	1	major	major	I	I, major	V		I	I	False	V	V, major		V, major		V	V	5		1	1	1	2	2	D	D	G	G	major triad	0	True	True	True	True	True	1	1	1	True	True	True
716	2	179.0	50	2	D	0	4.0	4	4	4	4	1	1/8	True	0	7	45	7	7b	3	179	False	True				False	174	V		G	I		V	V					M	False	False	(1, 5, 2)	()	1	1	major	major	I	I, major	V		I	I	False	V	V, major		V, major		V	V	5		1	1	1	2	2	D	D	G	G	major triad	0	True	True	True	True	True	1	1	1	True	True	True
716	2	179.0	69	3	A	0	4.0	4	4	4	2	1	1/8	True	0	7	45	7	7b	4	179	False	True				False	174	V		G	I		V	V					M	False	False	(1, 5, 2)	()	1	1	major	major	I	I, major	V		I	I	False	V	V, major		V, major		V	V	5		1	1	1	2	2	D	D	G	G	major triad	0	True	True	True	True	True	2	2	2	True	False	False
718	2	179.5	50	2	D	0	4.5	0	4	4	3	1	1/8	True	0	7	45	7	7b	3	359/2	False	False				False	174	V		G	I		V	V					M	False	False	(1, 5, 2)	()	1	1	major	major	I	I, major	V		I	I	False	V	V, major		V, major		V	V	5		1	1	1	2	2	D	D	G	G	major triad	0	True	True	True	True	True	1	1	1	True	True	True
718	2	179.5	50	2	D	0	4.5	0	4	4	4	1	1/8	True	0	7	45	7	7b	3	359/2	False	False				False	174	V		G	I		V	V					M	False	False	(1, 5, 2)	()	1	1	major	major	I	I, major	V		I	I	False	V	V, major		V, major		V	V	5		1	1	1	2	2	D	D	G	G	major triad	0	True	True	True	True	True	1	1	1	True	True	True
718	2	179.5	74	2	D	0	4.5	0	4	4	2	1	1/8	True	0	7	45	7	7b	5	359/2	False	False				False	174	V		G	I		V	V					M	False	False	(1, 5, 2)	()	1	1	major	major	I	I, major	V		I	I	False	V	V, major		V, major		V	V	5		1	1	1	2	2	D	D	G	G	major triad	0	True	True	True	True	True	1	1	1	True	True	True
720	4	180.0	52	4	E	0	1.0	1	4	4	3	1	1/4	True	0	8	46	8	8b	3	180	False	True				False	175	IV6		G	I		IV6	IV		6			M	False	False	(3, 0, -1)	()	-1	3	major	major	I	I, major	IV		I	I	False	IV6	IV6, major		IV6, major		IV	IV	4		1	1	1	0	4	C	E	G	G	major triad	1	True	True	True	True	True	3	3	3	True	False	True
720	4	180.0	52	4	E	0	1.0	1	4	4	4	1	1/4	True	0	8	46	8	8b	3	180	False	True				False	175	IV6		G	I		IV6	IV		6			M	False	False	(3, 0, -1)	()	-1	3	major	major	I	I, major	IV		I	I	False	IV6	IV6, major		IV6, major		IV	IV	4		1	1	1	0	4	C	E	G	G	major triad	1	True	True	True	True	True	3	3	3	True	False	True
720	2	180.0	72	0	C	0	1.0	1	4	4	2	1	1/8	True	0	8	46	8	8b	5	180	False	True				False	175	IV6		G	I		IV6	IV		6			M	False	False	(3, 0, -1)	()	-1	3	major	major	I	I, major	IV		I	I	False	IV6	IV6, major		IV6, major		IV	IV	4		1	1	1	0	4	C	E	G	G	major triad	1	True	True	True	True	True	-1	-1	-1	True	True	False
722	2	180.5	76	4	E	0	1.5	0	4	4	2	1	1/8	True	0	8	46	8	8b	5	361/2	False	False				False	175	IV6		G	I		IV6	IV		6			M	False	False	(3, 0, -1)	()	-1	3	major	major	I	I, major	IV		I	I	False	IV6	IV6, major		IV6, major		IV	IV	4		1	1	1	0	4	C	E	G	G	major triad	1	True	True	True	True	True	3	3	3	True	False	True
724	4	181.0	54	6	F	1	2.0	2	4	4	3	1	1/4	True	0	8	46	8	8b	3	181	False	True				False	176	V6		G	I		V6	V		6			M	False	False	(5, 2, 1)	()	1	5	major	major	I	I, major	V		I	I	False	V6	V6, major		V6, major		V	V	5		1	1	1	2	6	D	F#	G	G	major triad	1	True	True	True	True	True	5	5	5	True	False	True
724	4	181.0	54	6	F	1	2.0	2	4	4	4	1	1/4	True	0	8	46	8	8b	3	181	False	True				False	176	V6		G	I		V6	V		6			M	False	False	(5, 2, 1)	()	1	5	major	major	I	I, major	V		I	I	False	V6	V6, major		V6, major		V	V	5		1	1	1	2	6	D	F#	G	G	major triad	1	True	True	True	True	True	5	5	5	True	False	True
724	2	181.0	74	2	D	0	2.0	2	4	4	2	1	1/8	True	0	8	46	8	8b	5	181	False	True				False	176	V6		G	I		V6	V		6			M	False	False	(5, 2, 1)	()	1	5	major	major	I	I, major	V		I	I	False	V6	V6, major		V6, major		V	V	5		1	1	1	2	6	D	F#	G	G	major triad	1	True	True	True	True	True	1	1	1	True	True	False
726	2	181.5	72	0	C	0	2.5	0	4	4	2	1	1/8	True	0	8	46	8	8b	5	363/2	False	False				False	176	V6		G	I		V6	V		6			M	False	False	(5, 2, 1)	()	1	5	major	major	I	I, major	V		I	I	False	V6	V6, major		V6, major		V	V	5		1	1	1	2	6	D	F#	G	G	major triad	1	True	True	True	True	True	-1	-1	-1	False	False	False
728	4	182.0	55	1	G	0	3.0	3	4	4	3	1	1/4	True	0	8	46	8	8b	3	182	False	True				False	177	I		G	I		I	I					M	False	False	(0, 4, 1)	()	0	0	major	major	I	I, major	I		I	I	False	I	I, major		I, major		I	I	1		1	1	1	1	1	G	G	G	G	major triad	0	True	True	True	True	True	0	0	0	True	True	True
728	4	182.0	55	1	G	0	3.0	3	4	4	4	1	1/4	True	0	8	46	8	8b	3	182	False	True				False	177	I		G	I		I	I					M	False	False	(0, 4, 1)	()	0	0	major	major	I	I, major	I		I	I	False	I	I, major		I, major		I	I	1		1	1	1	1	1	G	G	G	G	major triad	0	True	True	True	True	True	0	0	0	True	True	True
728	2	182.0	71	5	B	0	3.0	3	4	4	2	1	1/8	True	0	8	46	8	8b	4	182	False	True				False	177	I		G	I		I	I					M	False	False	(0, 4, 1)	()	0	0	major	major	I	I, major	I		I	I	False	I	I, major		I, major		I	I	1		1	1	1	1	1	G	G	G	G	major triad	0	True	True	True	True	True	4	4	4	True	False	False
728	8	182.0	74	2	D	0	3.0	3	4	4	1	1	1/2	True	0	8	46	8	8b	5	182	False	True				False	177	I		G	I		I	I					M	False	False	(0, 4, 1)	()	0	0	major	major	I	I, major	I		I	I	False	I	I, major		I, major		I	I	1		1	1	1	1	1	G	G	G	G	major triad	0	True	True	True	True	True	1	1	1	True	False	False
730	2	182.5	67	1	G	0	3.5	0	4	4	2	1	1/8	True	0	8	46	8	8b	4	365/2	False	False				False	177	I		G	I		I	I					M	False	False	(0, 4, 1)	()	0	0	major	major	I	I, major	I		I	I	False	I	I, major		I, major		I	I	1		1	1	1	1	1	G	G	G	G	major triad	0	True	True	True	True	True	0	0	0	True	True	True
732	4	183.0	54	6	F	1	4.0	4	4	4	3	1	1/4	True	0	8	46	8	8b	3	183	False	True				False	178	V6		G	I		V6	V		6			M	False	False	(5, 2, 1)	()	1	5	major	major	I	I, major	V		I	I	False	V6	V6, major		V6, major		V	V	5		1	1	1	2	6	D	F#	G	G	major triad	1	True	True	True	True	True	5	5	5	True	False	True
732	4	183.0	54	6	F	1	4.0	4	4	4	4	1	1/4	True	0	8	46	8	8b	3	183	False	True				False	178	V6		G	I		V6	V		6			M	False	False	(5, 2, 1)	()	1	5	major	major	I	I, major	V		I	I	False	V6	V6, major		V6, major		V	V	5		1	1	1	2	6	D	F#	G	G	major triad	1	True	True	True	True	True	5	5	5	True	False	True
732	4	183.0	74	2	D	0	4.0	4	4	4	2	1	1/4	True	0	8	46	8	8b	5	183	False	True				False	178	V6		G	I		V6	V		6			M	False	False	(5, 2, 1)	()	1	5	major	major	I	I, major	V		I	I	False	V6	V6, major		V6, major		V	V	5		1	1	1	2	6	D	F#	G	G	major triad	1	True	True	True	True	True	1	1	1	True	True	False
736	4	184.0	52	4	E	0	1.0	1	4	4	3	1	1/4	True	0	9	47	9	9b	3	184	False	True				False	179	ii7/V		G	I		ii7/V	ii		7		V	mm7	False	False	(3, 0, 4, 1)	()	3	3	major	major	I	I, major	ii/V	V	V/I	V	False	ii7/V	ii7/V, major		ii7/V, major	V	V	ii7	2	5	1	1	2	4	4	E	E	G	D		7	True	True	True	True	True	3	3	2	True	True	True
736	4	184.0	52	4	E	0	1.0	1	4	4	4	1	1/4	True	0	9	47	9	9b	3	184	False	True				False	179	ii7/V		G	I		ii7/V	ii		7		V	mm7	False	False	(3, 0, 4, 1)	()	3	3	major	major	I	I, major	ii/V	V	V/I	V	False	ii7/V	ii7/V, major		ii7/V, major	V	V	ii7	2	5	1	1	2	4	4	E	E	G	D		7	True	True	True	True	True	3	3	2	True	True	True
736	4	184.0	74	2	D	0	1.0	1	4	4	2	1	1/4	False	0	9	47	9	9b	5	184	False	True				False	179	ii7/V		G	I		ii7/V	ii		7		V	mm7	False	False	(3, 0, 4, 1)	()	3	3	major	major	I	I, major	ii/V	V	V/I	V	False	ii7/V	ii7/V, major		ii7/V, major	V	V	ii7	2	5	1	1	2	4	4	E	E	G	D		7	True	True	True	True	True	1	1	0	True	False	False
736	6	184.0	76	4	E	0	1.0	1	4	4	1	1	3/8	True	0	9	47	9	9b	5	184	False	True				False	179	ii7/V		G	I		ii7/V	ii		7		V	mm7	False	False	(3, 0, 4, 1)	()	3	3	major	major	I	I, major	ii/V	V	V/I	V	False	ii7/V	ii7/V, major		ii7/V, major	V	V	ii7	2	5	1	1	2	4	4	E	E	G	D		7	True	True	True	True	True	3	3	2	True	True	True
740	4	185.0	57	3	A	0	2.0	2	4	4	3	1	1/4	True	0	9	47	9	9b	3	185	False	True				False	180	V/V		G	I		V/V	V				V	M	False	False	(2, 6, 3)	()	2	2	major	major	I	I, major	V/V	V	V/I	V	False	V/V	V/V, major		V/V, major	V	V	V	5	5	1	1	2	3	3	A	A	G	D	major triad	0	True	True	True	True	True	2	2	1	True	True	True
740	4	185.0	57	3	A	0	2.0	2	4	4	4	1	1/4	True	0	9	47	9	9b	3	185	False	True				False	180	V/V		G	I		V/V	V				V	M	False	False	(2, 6, 3)	()	2	2	major	major	I	I, major	V/V	V	V/I	V	False	V/V	V/V, major		V/V, major	V	V	V	5	5	1	1	2	3	3	A	A	G	D	major triad	0	True	True	True	True	True	2	2	1	True	True	True
740	4	185.0	73	7	C	1	2.0	2	4	4	2	1	1/4	True	0	9	47	9	9b	5	185	False	True				False	180	V/V		G	I		V/V	V				V	M	False	False	(2, 6, 3)	()	2	2	major	major	I	I, major	V/V	V	V/I	V	False	V/V	V/V, major		V/V, major	V	V	V	5	5	1	1	2	3	3	A	A	G	D	major triad	0	True	True	True	True	True	6	6	5	True	False	False
742	1	185.5	74	2	D	0	2.5	0	4	4	1	1	1/16	True	0	9	47	9	9b	5	371/2	False	False				False	180	V/V		G	I		V/V	V				V	M	False	False	(2, 6, 3)	()	2	2	major	major	I	I, major	V/V	V	V/I	V	False	V/V	V/V, major		V/V, major	V	V	V	5	5	1	1	2	3	3	A	A	G	D	major triad	0	True	True	True	True	True	1	1	0	False	False	False
743	1	185.75	76	4	E	0	2.75	0	4	4	1	1	1/16	True	0	9	47	9	9b	5	743/4	False	False				False	180	V/V		G	I		V/V	V				V	M	False	False	(2, 6, 3)	()	2	2	major	major	I	I, major	V/V	V	V/I	V	False	V/V	V/V, major		V/V, major	V	V	V	5	5	1	1	2	3	3	A	A	G	D	major triad	0	True	True	True	True	True	3	3	2	True	False	False
744	6	186.0	50	2	D	0	3.0	3	4	4	3	1	3/8	True	0	9	47	9	9b	3	186	False	True				False	181	V		G	I		V	V					M	False	False	(1, 5, 2)	()	1	1	major	major	I	I, major	V		I	I	False	V	V, major		V, major		V	V	5		1	1	1	2	2	D	D	G	G	major triad	0	True	True	True	True	True	1	1	1	True	True	True
744	6	186.0	50	2	D	0	3.0	3	4	4	4	1	3/8	True	0	9	47	9	9b	3	186	False	True				False	181	V		G	I		V	V					M	False	False	(1, 5, 2)	()	1	1	major	major	I	I, major	V		I	I	False	V	V, major		V, major		V	V	5		1	1	1	2	2	D	D	G	G	major triad	0	True	True	True	True	True	1	1	1	True	True	True
744	2	186.0	78	6	F	1	3.0	3	4	4	1	1	1/8	True	0	9	47	9	9b	5	186	False	True				False	181	V		G	I		V	V					M	False	False	(1, 5, 2)	()	1	1	major	major	I	I, major	V		I	I	False	V	V, major		V, major		V	V	5		1	1	1	2	2	D	D	G	G	major triad	0	True	True	True	True	True	5	5	5	True	False	False
746	2	186.5	74	2	D	0	3.5	0	4	4	1	1	1/8	True	0	9	47	9	9b	5	373/2	False	False				False	181	V		G	I		V	V					M	False	False	(1, 5, 2)	()	1	1	major	major	I	I, major	V		I	I	False	V	V, major		V, major		V	V	5		1	1	1	2	2	D	D	G	G	major triad	0	True	True	True	True	True	1	1	1	True	True	True
746	2	186.5	81	3	A	0	3.5	0	4	4	2	1	1/8	True	0	9	47	9	9b	5	373/2	False	False				False	181	V		G	I		V	V					M	False	False	(1, 5, 2)	()	1	1	major	major	I	I, major	V		I	I	False	V	V, major		V, major		V	V	5		1	1	1	2	2	D	D	G	G	major triad	0	True	True	True	True	True	2	2	2	True	False	False
748	2	187.0	78	6	F	1	4.0	4	4	4	2	1	1/8	True	0	9	47	9	9b	5	187	False	False				False	181	V		G	I		V	V					M	False	False	(1, 5, 2)	()	1	1	major	major	I	I, major	V		I	I	False	V	V, major		V, major		V	V	5		1	1	1	2	2	D	D	G	G	major triad	0	True	True	True	True	True	5	5	5	True	False	False
748	2	187.0	81	3	A	0	4.0	4	4	4	1	1	1/8	True	0	9	47	9	9b	5	187	False	False				False	181	V		G	I		V	V					M	False	False	(1, 5, 2)	()	1	1	major	major	I	I, major	V		I	I	False	V	V, major		V, major		V	V	5		1	1	1	2	2	D	D	G	G	major triad	0	True	True	True	True	True	2	2	2	True	False	False
750	2	187.5	54	6	F	1	4.5	0	4	4	3	1	1/8	True	0	9	47	9	9b	3	375/2	False	True				False	182	V6		G	I		V6	V		6			M	False	False	(5, 2, 1)	()	1	5	major	major	I	I, major	V		I	I	False	V6	V6, major		V6, major		V	V	5		1	1	1	2	6	D	F#	G	G	major triad	1	True	True	True	True	True	5	5	5	True	False	True
750	2	187.5	54	6	F	1	4.5	0	4	4	4	1	1/8	True	0	9	47	9	9b	3	375/2	False	True				False	182	V6		G	I		V6	V		6			M	False	False	(5, 2, 1)	()	1	5	major	major	I	I, major	V		I	I	False	V6	V6, major		V6, major		V	V	5		1	1	1	2	6	D	F#	G	G	major triad	1	True	True	True	True	True	5	5	5	True	False	True
750	2	187.5	74	2	D	0	4.5	0	4	4	2	1	1/8	True	0	9	47	9	9b	5	375/2	False	True				False	182	V6		G	I		V6	V		6			M	False	False	(5, 2, 1)	()	1	5	major	major	I	I, major	V		I	I	False	V6	V6, major		V6, major		V	V	5		1	1	1	2	6	D	F#	G	G	major triad	1	True	True	True	True	True	1	1	1	True	True	False
750	2	187.5	81	3	A	0	4.5	0	4	4	1	1	1/8	True	0	9	47	9	9b	5	375/2	False	True				False	182	V6		G	I		V6	V		6			M	False	False	(5, 2, 1)	()	1	5	major	major	I	I, major	V		I	I	False	V6	V6, major		V6, major		V	V	5		1	1	1	2	6	D	F#	G	G	major triad	1	True	True	True	True	True	2	2	2	True	False	False
752	4	188.0	52	4	E	0	1.0	1	4	4	3	1	1/4	True	0	10	48	10	10b	3	188	False	True				False	183	ii7/V		G	I		ii7/V	ii		7		V	mm7	False	False	(3, 0, 4, 1)	()	3	3	major	major	I	I, major	ii/V	V	V/I	V	False	ii7/V	ii7/V, major		ii7/V, major	V	V	ii7	2	5	1	1	2	4	4	E	E	G	D		7	True	True	True	True	True	3	3	2	True	True	True
752	4	188.0	52	4	E	0	1.0	1	4	4	4	1	1/4	True	0	10	48	10	10b	3	188	False	True				False	183	ii7/V		G	I		ii7/V	ii		7		V	mm7	False	False	(3, 0, 4, 1)	()	3	3	major	major	I	I, major	ii/V	V	V/I	V	False	ii7/V	ii7/V, major		ii7/V, major	V	V	ii7	2	5	1	1	2	4	4	E	E	G	D		7	True	True	True	True	True	3	3	2	True	True	True
752	6	188.0	79	1	G	0	1.0	1	4	4	2	1	3/8	True	0	10	48	10	10b	5	188	False	True				False	183	ii7/V		G	I		ii7/V	ii		7		V	mm7	False	False	(3, 0, 4, 1)	()	3	3	major	major	I	I, major	ii/V	V	V/I	V	False	ii7/V	ii7/V, major		ii7/V, major	V	V	ii7	2	5	1	1	2	4	4	E	E	G	D		7	True	True	True	True	True	0	0	-1	True	False	False
752	4	188.0	83	5	B	0	1.0	1	4	4	1	1	1/4	True	0	10	48	10	10b	5	188	False	True				False	183	ii7/V		G	I		ii7/V	ii		7		V	mm7	False	False	(3, 0, 4, 1)	()	3	3	major	major	I	I, major	ii/V	V	V/I	V	False	ii7/V	ii7/V, major		ii7/V, major	V	V	ii7	2	5	1	1	2	4	4	E	E	G	D		7	True	True	True	True	True	4	4	3	True	False	False
756	4	189.0	45	3	A	0	2.0	2	4	4	3	1	1/4	True	0	10	48	10	10b	2	189	False	True				False	184	V7/V		G	I		V7/V	V		7		V	Mm7	False	False	(2, 6, 3, 0)	()	2	2	major	major	I	I, major	V/V	V	V/I	V	False	V7/V	V7/V, major		V7/V, major	V	V	V7	5	5	1	1	2	3	3	A	A	G	D	dominant seventh chord	7	True	True	True	True	True	2	2	1	True	True	True
756	4	189.0	45	3	A	0	2.0	2	4	4	4	1	1/4	True	0	10	48	10	10b	2	189	False	True				False	184	V7/V		G	I		V7/V	V		7		V	Mm7	False	False	(2, 6, 3, 0)	()	2	2	major	major	I	I, major	V/V	V	V/I	V	False	V7/V	V7/V, major		V7/V, major	V	V	V7	5	5	1	1	2	3	3	A	A	G	D	dominant seventh chord	7	True	True	True	True	True	2	2	1	True	True	True
756	4	189.0	85	7	C	1	2.0	2	4	4	1	1	1/4	True	0	10	48	10	10b	6	189	False	True				False	184	V7/V		G	I		V7/V	V		7		V	Mm7	False	False	(2, 6, 3, 0)	()	2	2	major	major	I	I, major	V/V	V	V/I	V	False	V7/V	V7/V, major		V7/V, major	V	V	V7	5	5	1	1	2	3	3	A	A	G	D	dominant seventh chord	7	True	True	True	True	True	6	6	5	True	False	False
758	1	189.5	81	3	A	0	2.5	0	4	4	2	1	1/16	True	0	10	48	10	10b	5	379/2	False	False				False	184	V7/V		G	I		V7/V	V		7		V	Mm7	False	False	(2, 6, 3, 0)	()	2	2	major	major	I	I, major	V/V	V	V/I	V	False	V7/V	V7/V, major		V7/V, major	V	V	V7	5	5	1	1	2	3	3	A	A	G	D	dominant seventh chord	7	True	True	True	True	True	2	2	1	True	True	True
759	1	189.75	79	1	G	0	2.75	0	4	4	2	1	1/16	True	0	10	48	10	10b	5	759/4	False	False				False	184	V7/V		G	I		V7/V	V		7		V	Mm7	False	False	(2, 6, 3, 0)	()	2	2	major	major	I	I, major	V/V	V	V/I	V	False	V7/V	V7/V, major		V7/V, major	V	V	V7	5	5	1	1	2	3	3	A	A	G	D	dominant seventh chord	7	True	True	True	True	True	0	0	-1	True	False	False
760	8	190.0	50	2	D	0	3.0	3	4	4	3	1	1/2	True	0	10	48	10	10b	3	190	False	True	HC	HC	}	True	185	V|HC}		G	I		V	V					M	False	False	(1, 5, 2)	()	1	1	major	major	I	I, major	V		I	I	False	V	V, major		V, major		V	V	5		1	1	1	2	2	D	D	G	G	major triad	0	True	True	True	True	True	1	1	1	True	True	True
760	8	190.0	50	2	D	0	3.0	3	4	4	4	1	1/2	True	0	10	48	10	10b	3	190	False	True	HC	HC	}	True	185	V|HC}		G	I		V	V					M	False	False	(1, 5, 2)	()	1	1	major	major	I	I, major	V		I	I	False	V	V, major		V, major		V	V	5		1	1	1	2	2	D	D	G	G	major triad	0	True	True	True	True	True	1	1	1	True	True	True
760	2	190.0	78	6	F	1	3.0	3	4	4	2	1	1/8	True	0	10	48	10	10b	5	190	False	True	HC	HC	}	True	185	V|HC}		G	I		V	V					M	False	False	(1, 5, 2)	()	1	1	major	major	I	I, major	V		I	I	False	V	V, major		V, major		V	V	5		1	1	1	2	2	D	D	G	G	major triad	0	True	True	True	True	True	5	5	5	True	False	False
760	6	190.0	86	2	D	0	3.0	3	4	4	1	1	3/8	True	0	10	48	10	10b	6	190	False	True	HC	HC	}	True	185	V|HC}		G	I		V	V					M	False	False	(1, 5, 2)	()	1	1	major	major	I	I, major	V		I	I	False	V	V, major		V, major		V	V	5		1	1	1	2	2	D	D	G	G	major triad	0	True	True	True	True	True	1	1	1	True	True	True
762	2	190.5	74	2	D	0	3.5	0	4	4	2	1	1/8	True	0	10	48	10	10b	5	381/2	False	False				False	185	V|HC}		G	I		V	V					M	False	False	(1, 5, 2)	()	1	1	major	major	I	I, major	V		I	I	False	V	V, major		V, major		V	V	5		1	1	1	2	2	D	D	G	G	major triad	0	True	True	True	True	True	1	1	1	True	True	True
764	4	191.0	86	2	D	0	4.0	4	4	4	2	1	1/4	True	0	10	48	10	10b	6	191	False	False				False	185	V|HC}		G	I		V	V					M	False	False	(1, 5, 2)	()	1	1	major	major	I	I, major	V		I	I	False	V	V, major		V, major		V	V	5		1	1	1	2	2	D	D	G	G	major triad	0	True	True	True	True	True	1	1	1	True	True	True
766	2	191.5	74	2	D	0	4.5	0	4	4	1	1	1/8	True	0	10	48	10	10b	5	383/2	False	False				False	185	V|HC}		G	I		V	V					M	False	False	(1, 5, 2)	()	1	1	major	major	I	I, major	V		I	I	False	V	V, major		V, major		V	V	5		1	1	1	2	2	D	D	G	G	major triad	0	True	True	True	True	True	1	1	1	True	True	True
768	2	192.0	76	4	E	0	1.0	1	4	4	1	1	1/8	True	0	11	49	11	11b	5	192	False	False			{	False	186	{		G	I		V	V					M	False	False	()	()	1	1	major	major	I	I, major	V		I	I	False		, major		V, major		V	V	5		1	1	1	2	2	D	D	G	G	None	0	False	True	True	True	True	3	3	3	False	False	False
768	4	192.0	86	2	D	0	1.0	1	4	4	2	1	1/4	False	0	11	49	11	11b	6	192	False	False			{	False	186	{		G	I		V	V					M	False	False	()	()	1	1	major	major	I	I, major	V		I	I	False		, major		V, major		V	V	5		1	1	1	2	2	D	D	G	G	None	0	False	True	True	True	True	1	1	1	False	True	True
770	1	192.5	78	6	F	1	1.5	0	4	4	1	1	1/16	True	0	11	49	11	11b	5	385/2	False	False				False	186	{		G	I		V	V					M	False	False	()	()	1	1	major	major	I	I, major	V		I	I	False		, major		V, major		V	V	5		1	1	1	2	2	D	D	G	G	None	0	False	True	True	True	True	5	5	5	False	False	False
771	1	192.75	79	1	G	0	1.75	0	4	4	1	1	1/16	True	0	11	49	11	11b	5	771/4	False	False				False	186	{		G	I		V	V					M	False	False	()	()	1	1	major	major	I	I, major	V		I	I	False		, major		V, major		V	V	5		1	1	1	2	2	D	D	G	G	None	0	False	True	True	True	True	0	0	0	False	False	False
772	1	193.0	81	3	A	0	2.0	2	4	4	1	1	1/16	True	0	11	49	11	11b	5	193	False	True				False	187	V2		G	I		V2	V		2			Mm7	False	False	(-1, 1, 5, 2)	()	1	-1	major	major	I	I, major	V		I	I	False	V2	V2, major		V2, major		V	V7	5		1	1	1	2	0	D	C	G	G	dominant seventh chord	3	True	True	True	True	True	2	2	2	True	False	False
772	8	193.0	84	0	C	0	2.0	2	4	4	2	1	1/2	True	0	11	49	11	11b	6	193	False	True				False	187	V2		G	I		V2	V		2			Mm7	False	False	(-1, 1, 5, 2)	()	1	-1	major	major	I	I, major	V		I	I	False	V2	V2, major		V2, major		V	V7	5		1	1	1	2	0	D	C	G	G	dominant seventh chord	3	True	True	True	True	True	-1	-1	-1	True	False	True
773	1	193.25	79	1	G	0	2.25	0	4	4	1	1	1/16	True	0	11	49	11	11b	5	773/4	False	False				False	187	V2		G	I		V2	V		2			Mm7	False	False	(-1, 1, 5, 2)	()	1	-1	major	major	I	I, major	V		I	I	False	V2	V2, major		V2, major		V	V7	5		1	1	1	2	0	D	C	G	G	dominant seventh chord	3	True	True	True	True	True	0	0	0	False	False	False
774	1	193.5	78	6	F	1	2.5	0	4	4	1	1	1/16	True	0	11	49	11	11b	5	387/2	False	False				False	187	V2		G	I		V2	V		2			Mm7	False	False	(-1, 1, 5, 2)	()	1	-1	major	major	I	I, major	V		I	I	False	V2	V2, major		V2, major		V	V7	5		1	1	1	2	0	D	C	G	G	dominant seventh chord	3	True	True	True	True	True	5	5	5	True	False	False
775	1	193.75	76	4	E	0	2.75	0	4	4	1	1	1/16	True	0	11	49	11	11b	5	775/4	False	False				False	187	V2		G	I		V2	V		2			Mm7	False	False	(-1, 1, 5, 2)	()	1	-1	major	major	I	I, major	V		I	I	False	V2	V2, major		V2, major		V	V7	5		1	1	1	2	0	D	C	G	G	dominant seventh chord	3	True	True	True	True	True	3	3	3	False	False	False
776	8	194.0	55	1	G	0	3.0	3	4	4	3	1	1/2	True	0	11	49	11	11b	3	194	False	True				False	188	I(4)		G	I		I(4)	I			4		M	False	False	(0, -1, 1)	()	0	0	major	major	I	I, major	I		I	I	False	I	I, major		I(4), major		I	I	1		1	1	1	1	1	G	G	G	G	major triad	0	True	True	True	True	True	0	0	0	True	True	True
776	8	194.0	55	1	G	0	3.0	3	4	4	4	1	1/2	True	0	11	49	11	11b	3	194	False	True				False	188	I(4)		G	I		I(4)	I			4		M	False	False	(0, -1, 1)	()	0	0	major	major	I	I, major	I		I	I	False	I	I, major		I(4), major		I	I	1		1	1	1	1	1	G	G	G	G	major triad	0	True	True	True	True	True	0	0	0	True	True	True
776	2	194.0	74	2	D	0	3.0	3	4	4	1	1	1/8	True	0	11	49	11	11b	5	194	False	True				False	188	I(4)		G	I		I(4)	I			4		M	False	False	(0, -1, 1)	()	0	0	major	major	I	I, major	I		I	I	False	I	I, major		I(4), major		I	I	1		1	1	1	1	1	G	G	G	G	major triad	0	True	True	True	True	True	1	1	1	True	False	False
778	1	194.5	76	4	E	0	3.5	0	4	4	1	1	1/16	True	0	11	49	11	11b	5	389/2	False	False				False	188	I(4)		G	I		I(4)	I			4		M	False	False	(0, -1, 1)	()	0	0	major	major	I	I, major	I		I	I	False	I	I, major		I(4), major		I	I	1		1	1	1	1	1	G	G	G	G	major triad	0	True	True	True	True	True	3	3	3	False	False	False
779	1	194.75	78	6	F	1	3.75	0	4	4	1	1	1/16	True	0	11	49	11	11b	5	779/4	False	False				False	188	I(4)		G	I		I(4)	I			4		M	False	False	(0, -1, 1)	()	0	0	major	major	I	I, major	I		I	I	False	I	I, major		I(4), major		I	I	1		1	1	1	1	1	G	G	G	G	major triad	0	True	True	True	True	True	5	5	5	False	False	False
780	2	195.0	79	1	G	0	4.0	4	4	4	1	1	1/8	True	0	11	49	11	11b	5	195	False	True				False	189	I		G	I		I	I					M	False	False	(0, 4, 1)	()	0	0	major	major	I	I, major	I		I	I	False	I	I, major		I, major		I	I	1		1	1	1	1	1	G	G	G	G	major triad	0	True	True	True	True	True	0	0	0	True	True	True
780	4	195.0	83	5	B	0	4.0	4	4	4	2	1	1/4	True	0	11	49	11	11b	5	195	False	True				False	189	I		G	I		I	I					M	False	False	(0, 4, 1)	()	0	0	major	major	I	I, major	I		I	I	False	I	I, major		I, major		I	I	1		1	1	1	1	1	G	G	G	G	major triad	0	True	True	True	True	True	4	4	4	True	False	False
782	2	195.5	67	1	G	0	4.5	0	4	4	1	1	1/8	True	0	11	49	11	11b	4	391/2	False	False				False	189	I		G	I		I	I					M	False	False	(0, 4, 1)	()	0	0	major	major	I	I, major	I		I	I	False	I	I, major		I, major		I	I	1		1	1	1	1	1	G	G	G	G	major triad	0	True	True	True	True	True	0	0	0	True	True	True
784	6	196.0	57	3	A	0	1.0	1	4	4	3	1	3/8	True	0	12	50	12	12b	3	196	False	True				False	190	ii(9)		G	I		ii(9)	ii			9		m	False	False	(2, -1, 3)	(4,)	2	2	major	major	I	I, major	ii		I	I	False	ii	ii, major		ii(9), major		ii	ii	2		1	1	1	3	3	A	A	G	G	minor triad	0	True	True	True	True	True	2	2	2	True	True	True
784	6	196.0	57	3	A	0	1.0	1	4	4	4	1	3/8	True	0	12	50	12	12b	3	196	False	True				False	190	ii(9)		G	I		ii(9)	ii			9		m	False	False	(2, -1, 3)	(4,)	2	2	major	major	I	I, major	ii		I	I	False	ii	ii, major		ii(9), major		ii	ii	2		1	1	1	3	3	A	A	G	G	minor triad	0	True	True	True	True	True	2	2	2	True	True	True
784	6	196.0	72	0	C	0	1.0	1	4	4	1	1	3/8	True	0	12	50	12	12b	5	196	False	True				False	190	ii(9)		G	I		ii(9)	ii			9		m	False	False	(2, -1, 3)	(4,)	2	2	major	major	I	I, major	ii		I	I	False	ii	ii, major		ii(9), major		ii	ii	2		1	1	1	3	3	A	A	G	G	minor triad	0	True	True	True	True	True	-1	-1	-1	True	False	False
784	4	196.0	83	5	B	0	1.0	1	4	4	2	1	1/4	False	0	12	50	12	12b	5	196	False	True				False	190	ii(9)		G	I		ii(9)	ii			9		m	False	False	(2, -1, 3)	(4,)	2	2	major	major	I	I, major	ii		I	I	False	ii	ii, major		ii(9), major		ii	ii	2		1	1	1	3	3	A	A	G	G	minor triad	0	True	True	True	True	True	4	4	4	False	False	False
788	6	197.0	81	3	A	0	2.0	2	4	4	2	1	3/8	True	0	12	50	12	12b	5	197	False	True				False	191	ii		G	I		ii	ii					m	False	False	(2, -1, 3)	()	2	2	major	major	I	I, major	ii		I	I	False	ii	ii, major		ii, major		ii	ii	2		1	1	1	3	3	A	A	G	G	minor triad	0	True	True	True	True	True	2	2	2	True	True	True
790	1	197.5	55	1	G	0	2.5	0	4	4	3	1	1/16	True	0	12	50	12	12b	3	395/2	False	False				False	191	ii		G	I		ii	ii					m	False	False	(2, -1, 3)	()	2	2	major	major	I	I, major	ii		I	I	False	ii	ii, major		ii, major		ii	ii	2		1	1	1	3	3	A	A	G	G	minor triad	0	True	True	True	True	True	0	0	0	False	False	False
790	1	197.5	55	1	G	0	2.5	0	4	4	4	1	1/16	True	0	12	50	12	12b	3	395/2	False	False				False	191	ii		G	I		ii	ii					m	False	False	(2, -1, 3)	()	2	2	major	major	I	I, major	ii		I	I	False	ii	ii, major		ii, major		ii	ii	2		1	1	1	3	3	A	A	G	G	minor triad	0	True	True	True	True	True	0	0	0	False	False	False
790	1	197.5	71	5	B	0	2.5	0	4	4	1	1	1/16	True	0	12	50	12	12b	4	395/2	False	False				False	191	ii		G	I		ii	ii					m	False	False	(2, -1, 3)	()	2	2	major	major	I	I, major	ii		I	I	False	ii	ii, major		ii, major		ii	ii	2		1	1	1	3	3	A	A	G	G	minor triad	0	True	True	True	True	True	4	4	4	False	False	False
791	1	197.75	57	3	A	0	2.75	0	4	4	3	1	1/16	True	0	12	50	12	12b	3	791/4	False	False				False	191	ii		G	I		ii	ii					m	False	False	(2, -1, 3)	()	2	2	major	major	I	I, major	ii		I	I	False	ii	ii, major		ii, major		ii	ii	2		1	1	1	3	3	A	A	G	G	minor triad	0	True	True	True	True	True	2	2	2	True	True	True
791	1	197.75	57	3	A	0	2.75	0	4	4	4	1	1/16	True	0	12	50	12	12b	3	791/4	False	False				False	191	ii		G	I		ii	ii					m	False	False	(2, -1, 3)	()	2	2	major	major	I	I, major	ii		I	I	False	ii	ii, major		ii, major		ii	ii	2		1	1	1	3	3	A	A	G	G	minor triad	0	True	True	True	True	True	2	2	2	True	True	True
791	1	197.75	72	0	C	0	2.75	0	4	4	1	1	1/16	True	0	12	50	12	12b	5	791/4	False	False				False	191	ii		G	I		ii	ii					m	False	False	(2, -1, 3)	()	2	2	major	major	I	I, major	ii		I	I	False	ii	ii, major		ii, major		ii	ii	2		1	1	1	3	3	A	A	G	G	minor triad	0	True	True	True	True	True	-1	-1	-1	True	False	False
792	6	198.0	59	5	B	0	3.0	3	4	4	3	1	3/8	True	0	12	50	12	12b	3	198	False	True				False	192	I6(2)		G	I		I6(2)	I		6	2		M	False	False	(4, 1, 2)	()	0	4	major	major	I	I, major	I		I	I	False	I6	I6, major		I6(2), major		I	I	1		1	1	1	1	5	G	B	G	G	major triad	1	True	True	True	True	True	4	4	4	True	False	True
792	6	198.0	59	5	B	0	3.0	3	4	4	4	1	3/8	True	0	12	50	12	12b	3	198	False	True				False	192	I6(2)		G	I		I6(2)	I		6	2		M	False	False	(4, 1, 2)	()	0	4	major	major	I	I, major	I		I	I	False	I6	I6, major		I6(2), major		I	I	1		1	1	1	1	5	G	B	G	G	major triad	1	True	True	True	True	True	4	4	4	True	False	True
792	6	198.0	74	2	D	0	3.0	3	4	4	1	1	3/8	True	0	12	50	12	12b	5	198	False	True				False	192	I6(2)		G	I		I6(2)	I		6	2		M	False	False	(4, 1, 2)	()	0	4	major	major	I	I, major	I		I	I	False	I6	I6, major		I6(2), major		I	I	1		1	1	1	1	5	G	B	G	G	major triad	1	True	True	True	True	True	1	1	1	True	False	False
794	2	198.5	74	2	D	0	3.5	0	4	4	2	1	1/8	True	0	12	50	12	12b	5	397/2	False	False				False	192	I6(2)		G	I		I6(2)	I		6	2		M	False	False	(4, 1, 2)	()	0	4	major	major	I	I, major	I		I	I	False	I6	I6, major		I6(2), major		I	I	1		1	1	1	1	5	G	B	G	G	major triad	1	True	True	True	True	True	1	1	1	True	False	False
796	4	199.0	79	1	G	0	4.0	4	4	4	2	1	1/4	True	0	12	50	12	12b	5	199	False	True				False	193	I6		G	I		I6	I		6			M	False	False	(4, 1, 0)	()	0	4	major	major	I	I, major	I		I	I	False	I6	I6, major		I6, major		I	I	1		1	1	1	1	5	G	B	G	G	major triad	1	True	True	True	True	True	0	0	0	True	True	False
798	2	199.5	59	5	B	0	4.5	0	4	4	3	1	1/8	True	0	12	50	12	12b	3	399/2	False	False				False	193	I6		G	I		I6	I		6			M	False	False	(4, 1, 0)	()	0	4	major	major	I	I, major	I		I	I	False	I6	I6, major		I6, major		I	I	1		1	1	1	1	5	G	B	G	G	major triad	1	True	True	True	True	True	4	4	4	True	False	True
798	2	199.5	59	5	B	0	4.5	0	4	4	4	1	1/8	True	0	12	50	12	12b	3	399/2	False	False				False	193	I6		G	I		I6	I		6			M	False	False	(4, 1, 0)	()	0	4	major	major	I	I, major	I		I	I	False	I6	I6, major		I6, major		I	I	1		1	1	1	1	5	G	B	G	G	major triad	1	True	True	True	True	True	4	4	4	True	False	True
798	1	199.5	79	1	G	0	4.5	0	4	4	1	1	1/16	True	0	12	50	12	12b	5	399/2	False	False				False	193	I6		G	I		I6	I		6			M	False	False	(4, 1, 0)	()	0	4	major	major	I	I, major	I		I	I	False	I6	I6, major		I6, major		I	I	1		1	1	1	1	5	G	B	G	G	major triad	1	True	True	True	True	True	0	0	0	True	True	False
799	1	199.75	74	2	D	0	4.75	0	4	4	1	1	1/16	True	0	12	50	12	12b	5	799/4	False	False				False	193	I6		G	I		I6	I		6			M	False	False	(4, 1, 0)	()	0	4	major	major	I	I, major	I		I	I	False	I6	I6, major		I6, major		I	I	1		1	1	1	1	5	G	B	G	G	major triad	1	True	True	True	True	True	1	1	1	True	False	False
800	2	200.0	60	0	C	0	1.0	1	4	4	3	1	1/8	True	0	13	51	13	13b	4	200	False	True				False	194	ii65		G	I		ii65	ii		65			mm7	False	False	(-1, 3, 0, 2)	()	2	-1	major	major	I	I, major	ii		I	I	False	ii65	ii65, major		ii65, major		ii	ii7	2		1	1	1	3	0	A	C	G	G		1	True	True	True	True	True	-1	-1	-1	True	False	True
800	2	200.0	60	0	C	0	1.0	1	4	4	4	1	1/8	True	0	13	51	13	13b	4	200	False	True				False	194	ii65		G	I		ii65	ii		65			mm7	False	False	(-1, 3, 0, 2)	()	2	-1	major	major	I	I, major	ii		I	I	False	ii65	ii65, major		ii65, major		ii	ii7	2		1	1	1	3	0	A	C	G	G		1	True	True	True	True	True	-1	-1	-1	True	False	True
800	2	200.0	76	4	E	0	1.0	1	4	4	1	1	1/8	True	0	13	51	13	13b	5	200	False	True				False	194	ii65		G	I		ii65	ii		65			mm7	False	False	(-1, 3, 0, 2)	()	2	-1	major	major	I	I, major	ii		I	I	False	ii65	ii65, major		ii65, major		ii	ii7	2		1	1	1	3	0	A	C	G	G		1	True	True	True	True	True	3	3	3	True	False	False
800	4	200.0	79	1	G	0	1.0	1	4	4	2	1	1/4	False	0	13	51	13	13b	5	200	False	True				False	194	ii65		G	I		ii65	ii		65			mm7	False	False	(-1, 3, 0, 2)	()	2	-1	major	major	I	I, major	ii		I	I	False	ii65	ii65, major		ii65, major		ii	ii7	2		1	1	1	3	0	A	C	G	G		1	True	True	True	True	True	0	0	0	True	False	False
802	1	200.5	59	5	B	0	1.5	0	4	4	3	1	1/16	True	0	13	51	13	13b	3	401/2	False	False				False	194	ii65		G	I		ii65	ii		65			mm7	False	False	(-1, 3, 0, 2)	()	2	-1	major	major	I	I, major	ii		I	I	False	ii65	ii65, major		ii65, major		ii	ii7	2		1	1	1	3	0	A	C	G	G		1	True	True	True	True	True	4	4	4	False	False	False
802	1	200.5	59	5	B	0	1.5	0	4	4	4	1	1/16	True	0	13	51	13	13b	3	401/2	False	False				False	194	ii65		G	I		ii65	ii		65			mm7	False	False	(-1, 3, 0, 2)	()	2	-1	major	major	I	I, major	ii		I	I	False	ii65	ii65, major		ii65, major		ii	ii7	2		1	1	1	3	0	A	C	G	G		1	True	True	True	True	True	4	4	4	False	False	False
802	2	200.5	74	2	D	0	1.5	0	4	4	1	1	1/8	True	0	13	51	13	13b	5	401/2	False	False				False	194	ii65		G	I		ii65	ii		65			mm7	False	False	(-1, 3, 0, 2)	()	2	-1	major	major	I	I, major	ii		I	I	False	ii65	ii65, major		ii65, major		ii	ii7	2		1	1	1	3	0	A	C	G	G		1	True	True	True	True	True	1	1	1	False	False	False
803	1	200.75	60	0	C	0	1.75	0	4	4	3	1	1/16	True	0	13	51	13	13b	4	803/4	False	False				False	194	ii65		G	I		ii65	ii		65			mm7	False	False	(-1, 3, 0, 2)	()	2	-1	major	major	I	I, major	ii		I	I	False	ii65	ii65, major		ii65, major		ii	ii7	2		1	1	1	3	0	A	C	G	G		1	True	True	True	True	True	-1	-1	-1	True	False	True
803	1	200.75	60	0	C	0	1.75	0	4	4	4	1	1/16	True	0	13	51	13	13b	4	803/4	False	False				False	194	ii65		G	I		ii65	ii		65			mm7	False	False	(-1, 3, 0, 2)	()	2	-1	major	major	I	I, major	ii		I	I	False	ii65	ii65, major		ii65, major		ii	ii7	2		1	1	1	3	0	A	C	G	G		1	True	True	True	True	True	-1	-1	-1	True	False	True
804	2	201.0	62	2	D	0	2.0	2	4	4	3	1	1/8	True	0	13	51	13	13b	4	201	False	True				False	195	V7		G	I		V7	V		7			Mm7	False	False	(1, 5, 2, -1)	()	1	1	major	major	I	I, major	V		I	I	False	V7	V7, major		V7, major		V	V7	5		1	1	1	2	2	D	D	G	G	dominant seventh chord	7	True	True	True	True	True	1	1	1	True	True	True
804	2	201.0	62	2	D	0	2.0	2	4	4	4	1	1/8	True	0	13	51	13	13b	4	201	False	True				False	195	V7		G	I		V7	V		7			Mm7	False	False	(1, 5, 2, -1)	()	1	1	major	major	I	I, major	V		I	I	False	V7	V7, major		V7, major		V	V7	5		1	1	1	2	2	D	D	G	G	dominant seventh chord	7	True	True	True	True	True	1	1	1	True	True	True
804	4	201.0	72	0	C	0	2.0	2	4	4	1	1	1/4	True	0	13	51	13	13b	5	201	False	True				False	195	V7		G	I		V7	V		7			Mm7	False	False	(1, 5, 2, -1)	()	1	1	major	major	I	I, major	V		I	I	False	V7	V7, major		V7, major		V	V7	5		1	1	1	2	2	D	D	G	G	dominant seventh chord	7	True	True	True	True	True	-1	-1	-1	True	False	False
804	4	201.0	78	6	F	1	2.0	2	4	4	2	1	1/4	True	0	13	51	13	13b	5	201	False	True				False	195	V7		G	I		V7	V		7			Mm7	False	False	(1, 5, 2, -1)	()	1	1	major	major	I	I, major	V		I	I	False	V7	V7, major		V7, major		V	V7	5		1	1	1	2	2	D	D	G	G	dominant seventh chord	7	True	True	True	True	True	5	5	5	True	False	False
806	2	201.5	50	2	D	0	2.5	0	4	4	3	1	1/8	True	0	13	51	13	13b	3	403/2	False	False				False	195	V7		G	I		V7	V		7			Mm7	False	False	(1, 5, 2, -1)	()	1	1	major	major	I	I, major	V		I	I	False	V7	V7, major		V7, major		V	V7	5		1	1	1	2	2	D	D	G	G	dominant seventh chord	7	True	True	True	True	True	1	1	1	True	True	True
806	2	201.5	50	2	D	0	2.5	0	4	4	4	1	1/8	True	0	13	51	13	13b	3	403/2	False	False				False	195	V7		G	I		V7	V		7			Mm7	False	False	(1, 5, 2, -1)	()	1	1	major	major	I	I, major	V		I	I	False	V7	V7, major		V7, major		V	V7	5		1	1	1	2	2	D	D	G	G	dominant seventh chord	7	True	True	True	True	True	1	1	1	True	True	True
808	2	202.0	55	1	G	0	3.0	3	4	4	3	1	1/8	True	0	13	51	13	13b	3	202	False	True				False	196	I		G	I		I	I					M	False	False	(0, 4, 1)	()	0	0	major	major	I	I, major	I		I	I	False	I	I, major		I, major		I	I	1		1	1	1	1	1	G	G	G	G	major triad	0	True	True	True	True	True	0	0	0	True	True	True
808	2	202.0	55	1	G	0	3.0	3	4	4	4	1	1/8	True	0	13	51	13	13b	3	202	False	True				False	196	I		G	I		I	I					M	False	False	(0, 4, 1)	()	0	0	major	major	I	I, major	I		I	I	False	I	I, major		I, major		I	I	1		1	1	1	1	1	G	G	G	G	major triad	0	True	True	True	True	True	0	0	0	True	True	True
808	6	202.0	71	5	B	0	3.0	3	4	4	1	1	3/8	True	0	13	51	13	13b	4	202	False	True				False	196	I		G	I		I	I					M	False	False	(0, 4, 1)	()	0	0	major	major	I	I, major	I		I	I	False	I	I, major		I, major		I	I	1		1	1	1	1	1	G	G	G	G	major triad	0	True	True	True	True	True	4	4	4	True	False	False
808	4	202.0	79	1	G	0	3.0	3	4	4	2	1	1/4	True	0	13	51	13	13b	5	202	False	True				False	196	I		G	I		I	I					M	False	False	(0, 4, 1)	()	0	0	major	major	I	I, major	I		I	I	False	I	I, major		I, major		I	I	1		1	1	1	1	1	G	G	G	G	major triad	0	True	True	True	True	True	0	0	0	True	True	True
810	2	202.5	57	3	A	0	3.5	0	4	4	3	1	1/8	True	0	13	51	13	13b	3	405/2	False	False				False	196	I		G	I		I	I					M	False	False	(0, 4, 1)	()	0	0	major	major	I	I, major	I		I	I	False	I	I, major		I, major		I	I	1		1	1	1	1	1	G	G	G	G	major triad	0	True	True	True	True	True	2	2	2	False	False	False
810	2	202.5	57	3	A	0	3.5	0	4	4	4	1	1/8	True	0	13	51	13	13b	3	405/2	False	False				False	196	I		G	I		I	I					M	False	False	(0, 4, 1)	()	0	0	major	major	I	I, major	I		I	I	False	I	I, major		I, major		I	I	1		1	1	1	1	1	G	G	G	G	major triad	0	True	True	True	True	True	2	2	2	False	False	False
812	2	203.0	59	5	B	0	4.0	4	4	4	3	1	1/8	True	0	13	51	13	13b	3	203	False	True				False	197	I6		G	I		I6	I		6			M	False	False	(4, 1, 0)	()	0	4	major	major	I	I, major	I		I	I	False	I6	I6, major		I6, major		I	I	1		1	1	1	1	5	G	B	G	G	major triad	1	True	True	True	True	True	4	4	4	True	False	True
812	2	203.0	59	5	B	0	4.0	4	4	4	4	1	1/8	True	0	13	51	13	13b	3	203	False	True				False	197	I6		G	I		I6	I		6			M	False	False	(4, 1, 0)	()	0	4	major	major	I	I, major	I		I	I	False	I6	I6, major		I6, major		I	I	1		1	1	1	1	5	G	B	G	G	major triad	1	True	True	True	True	True	4	4	4	True	False	True
812	4	203.0	74	2	D	0	4.0	4	4	4	2	1	1/4	True	0	13	51	13	13b	5	203	False	True				False	197	I6		G	I		I6	I		6			M	False	False	(4, 1, 0)	()	0	4	major	major	I	I, major	I		I	I	False	I6	I6, major		I6, major		I	I	1		1	1	1	1	5	G	B	G	G	major triad	1	True	True	True	True	True	1	1	1	True	False	False
814	2	203.5	47	5	B	0	4.5	0	4	4	3	1	1/8	True	0	13	51	13	13b	2	407/2	False	False				False	197	I6		G	I		I6	I		6			M	False	False	(4, 1, 0)	()	0	4	major	major	I	I, major	I		I	I	False	I6	I6, major		I6, major		I	I	1		1	1	1	1	5	G	B	G	G	major triad	1	True	True	True	True	True	4	4	4	True	False	True
814	2	203.5	47	5	B	0	4.5	0	4	4	4	1	1/8	True	0	13	51	13	13b	2	407/2	False	False				False	197	I6		G	I		I6	I		6			M	False	False	(4, 1, 0)	()	0	4	major	major	I	I, major	I		I	I	False	I6	I6, major		I6, major		I	I	1		1	1	1	1	5	G	B	G	G	major triad	1	True	True	True	True	True	4	4	4	True	False	True
814	2	203.5	62	2	D	0	4.5	0	4	4	1	1	1/8	True	0	13	51	13	13b	4	407/2	False	False				False	197	I6		G	I		I6	I		6			M	False	False	(4, 1, 0)	()	0	4	major	major	I	I, major	I		I	I	False	I6	I6, major		I6, major		I	I	1		1	1	1	1	5	G	B	G	G	major triad	1	True	True	True	True	True	1	1	1	True	False	False
816	2	204.0	48	0	C	0	1.0	1	4	4	3	1	1/8	True	0	14	52	14	14b	3	204	False	True				False	198	IV(9)		G	I		IV(9)	IV			9		M	False	False	(-1, 3, 0)	(1,)	-1	-1	major	major	I	I, major	IV		I	I	False	IV	IV, major		IV(9), major		IV	IV	4		1	1	1	0	0	C	C	G	G	major triad	0	True	True	True	True	True	-1	-1	-1	True	True	True
816	6	204.0	48	0	C	0	1.0	1	4	4	4	1	3/8	True	0	14	52	14	14b	3	204	False	True				False	198	IV(9)		G	I		IV(9)	IV			9		M	False	False	(-1, 3, 0)	(1,)	-1	-1	major	major	I	I, major	IV		I	I	False	IV	IV, major		IV(9), major		IV	IV	4		1	1	1	0	0	C	C	G	G	major triad	0	True	True	True	True	True	-1	-1	-1	True	True	True
816	6	204.0	64	4	E	0	1.0	1	4	4	1	1	3/8	True	0	14	52	14	14b	4	204	False	True				False	198	IV(9)		G	I		IV(9)	IV			9		M	False	False	(-1, 3, 0)	(1,)	-1	-1	major	major	I	I, major	IV		I	I	False	IV	IV, major		IV(9), major		IV	IV	4		1	1	1	0	0	C	C	G	G	major triad	0	True	True	True	True	True	3	3	3	True	False	False
816	2	204.0	74	2	D	0	1.0	1	4	4	2	1	1/8	False	0	14	52	14	14b	5	204	False	True				False	198	IV(9)		G	I		IV(9)	IV			9		M	False	False	(-1, 3, 0)	(1,)	-1	-1	major	major	I	I, major	IV		I	I	False	IV	IV, major		IV(9), major		IV	IV	4		1	1	1	0	0	C	C	G	G	major triad	0	True	True	True	True	True	1	1	1	False	False	False
818	2	204.5	50	2	D	0	1.5	0	4	4	3	1	1/8	True	0	14	52	14	14b	3	409/2	False	False				False	198	IV(9)		G	I		IV(9)	IV			9		M	False	False	(-1, 3, 0)	(1,)	-1	-1	major	major	I	I, major	IV		I	I	False	IV	IV, major		IV(9), major		IV	IV	4		1	1	1	0	0	C	C	G	G	major triad	0	True	True	True	True	True	1	1	1	False	False	False
818	2	204.5	67	1	G	0	1.5	0	4	4	2	1	1/8	True	0	14	52	14	14b	4	409/2	False	False				False	198	IV(9)		G	I		IV(9)	IV			9		M	False	False	(-1, 3, 0)	(1,)	-1	-1	major	major	I	I, major	IV		I	I	False	IV	IV, major		IV(9), major		IV	IV	4		1	1	1	0	0	C	C	G	G	major triad	0	True	True	True	True	True	0	0	0	True	False	False
820	2	205.0	52	4	E	0	2.0	2	4	4	3	1	1/8	True	0	14	52	14	14b	3	205	False	True				False	199	IV		G	I		IV	IV					M	False	False	(-1, 3, 0)	()	-1	-1	major	major	I	I, major	IV		I	I	False	IV	IV, major		IV, major		IV	IV	4		1	1	1	0	0	C	C	G	G	major triad	0	True	True	True	True	True	3	3	3	True	False	False
820	8	205.0	72	0	C	0	2.0	2	4	4	2	1	1/2	True	0	14	52	14	14b	5	205	False	True				False	199	IV		G	I		IV	IV					M	False	False	(-1, 3, 0)	()	-1	-1	major	major	I	I, major	IV		I	I	False	IV	IV, major		IV, major		IV	IV	4		1	1	1	0	0	C	C	G	G	major triad	0	True	True	True	True	True	-1	-1	-1	True	True	True
822	2	205.5	48	0	C	0	2.5	0	4	4	3	1	1/8	True	0	14	52	14	14b	3	411/2	False	False				False	199	IV		G	I		IV	IV					M	False	False	(-1, 3, 0)	()	-1	-1	major	major	I	I, major	IV		I	I	False	IV	IV, major		IV, major		IV	IV	4		1	1	1	0	0	C	C	G	G	major triad	0	True	True	True	True	True	-1	-1	-1	True	True	True
822	2	205.5	48	0	C	0	2.5	0	4	4	4	1	1/8	True	0	14	52	14	14b	3	411/2	False	False				False	199	IV		G	I		IV	IV					M	False	False	(-1, 3, 0)	()	-1	-1	major	major	I	I, major	IV		I	I	False	IV	IV, major		IV, major		IV	IV	4		1	1	1	0	0	C	C	G	G	major triad	0	True	True	True	True	True	-1	-1	-1	True	True	True
822	1	205.5	62	2	D	0	2.5	0	4	4	1	1	1/16	True	0	14	52	14	14b	4	411/2	False	False				False	199	IV		G	I		IV	IV					M	False	False	(-1, 3, 0)	()	-1	-1	major	major	I	I, major	IV		I	I	False	IV	IV, major		IV, major		IV	IV	4		1	1	1	0	0	C	C	G	G	major triad	0	True	True	True	True	True	1	1	1	False	False	False
823	1	205.75	64	4	E	0	2.75	0	4	4	1	1	1/16	True	0	14	52	14	14b	4	823/4	False	False				False	199	IV		G	I		IV	IV					M	False	False	(-1, 3, 0)	()	-1	-1	major	major	I	I, major	IV		I	I	False	IV	IV, major		IV, major		IV	IV	4		1	1	1	0	0	C	C	G	G	major triad	0	True	True	True	True	True	3	3	3	True	False	False
824	2	206.0	50	2	D	0	3.0	3	4	4	3	1	1/8	True	0	14	52	14	14b	3	206	False	True				False	200	V7		G	I		V7	V		7			Mm7	False	False	(1, 5, 2, -1)	()	1	1	major	major	I	I, major	V		I	I	False	V7	V7, major		V7, major		V	V7	5		1	1	1	2	2	D	D	G	G	dominant seventh chord	7	True	True	True	True	True	1	1	1	True	True	True
824	2	206.0	50	2	D	0	3.0	3	4	4	4	1	1/8	True	0	14	52	14	14b	3	206	False	True				False	200	V7		G	I		V7	V		7			Mm7	False	False	(1, 5, 2, -1)	()	1	1	major	major	I	I, major	V		I	I	False	V7	V7, major		V7, major		V	V7	5		1	1	1	2	2	D	D	G	G	dominant seventh chord	7	True	True	True	True	True	1	1	1	True	True	True
824	2	206.0	66	6	F	1	3.0	3	4	4	1	1	1/8	True	0	14	52	14	14b	4	206	False	True				False	200	V7		G	I		V7	V		7			Mm7	False	False	(1, 5, 2, -1)	()	1	1	major	major	I	I, major	V		I	I	False	V7	V7, major		V7, major		V	V7	5		1	1	1	2	2	D	D	G	G	dominant seventh chord	7	True	True	True	True	True	5	5	5	True	False	False
826	2	206.5	50	2	D	0	3.5	0	4	4	3	1	1/8	True	0	14	52	14	14b	3	413/2	False	False				False	200	V7		G	I		V7	V		7			Mm7	False	False	(1, 5, 2, -1)	()	1	1	major	major	I	I, major	V		I	I	False	V7	V7, major		V7, major		V	V7	5		1	1	1	2	2	D	D	G	G	dominant seventh chord	7	True	True	True	True	True	1	1	1	True	True	True
826	2	206.5	50	2	D	0	3.5	0	4	4	4	1	1/8	True	0	14	52	14	14b	3	413/2	False	False				False	200	V7		G	I		V7	V		7			Mm7	False	False	(1, 5, 2, -1)	()	1	1	major	major	I	I, major	V		I	I	False	V7	V7, major		V7, major		V	V7	5		1	1	1	2	2	D	D	G	G	dominant seventh chord	7	True	True	True	True	True	1	1	1	True	True	True
826	2	206.5	62	2	D	0	3.5	0	4	4	1	1	1/8	True	0	14	52	14	14b	4	413/2	False	False				False	200	V7		G	I		V7	V		7			Mm7	False	False	(1, 5, 2, -1)	()	1	1	major	major	I	I, major	V		I	I	False	V7	V7, major		V7, major		V	V7	5		1	1	1	2	2	D	D	G	G	dominant seventh chord	7	True	True	True	True	True	1	1	1	True	True	True
828	2	207.0	52	4	E	0	4.0	4	4	4	3	1	1/8	True	0	14	52	14	14b	3	207	False	True				False	201	vi		G	I		vi	vi					m	False	False	(3, 0, 4)	()	3	3	major	major	I	I, major	vi		I	I	False	vi	vi, major		vi, major		vi	vi	6		1	1	1	4	4	E	E	G	G	minor triad	0	True	True	True	True	True	3	3	3	True	True	True
828	2	207.0	52	4	E	0	4.0	4	4	4	4	1	1/8	True	0	14	52	14	14b	3	207	False	True				False	201	vi		G	I		vi	vi					m	False	False	(3, 0, 4)	()	3	3	major	major	I	I, major	vi		I	I	False	vi	vi, major		vi, major		vi	vi	6		1	1	1	4	4	E	E	G	G	minor triad	0	True	True	True	True	True	3	3	3	True	True	True
828	4	207.0	67	1	G	0	4.0	4	4	4	1	1	1/4	True	0	14	52	14	14b	4	207	False	True				False	201	vi		G	I		vi	vi					m	False	False	(3, 0, 4)	()	3	3	major	major	I	I, major	vi		I	I	False	vi	vi, major		vi, major		vi	vi	6		1	1	1	4	4	E	E	G	G	minor triad	0	True	True	True	True	True	0	0	0	True	False	False
828	4	207.0	71	5	B	0	4.0	4	4	4	2	1	1/4	True	0	14	52	14	14b	4	207	False	True				False	201	vi		G	I		vi	vi					m	False	False	(3, 0, 4)	()	3	3	major	major	I	I, major	vi		I	I	False	vi	vi, major		vi, major		vi	vi	6		1	1	1	4	4	E	E	G	G	minor triad	0	True	True	True	True	True	4	4	4	True	False	False
830	2	207.5	47	5	B	0	4.5	0	4	4	3	1	1/8	True	0	14	52	14	14b	2	415/2	False	True				False	202	I6		G	I		I6	I		6			M	False	False	(4, 1, 0)	()	0	4	major	major	I	I, major	I		I	I	False	I6	I6, major		I6, major		I	I	1		1	1	1	1	5	G	B	G	G	major triad	1	True	True	True	True	True	4	4	4	True	False	True
830	2	207.5	47	5	B	0	4.5	0	4	4	4	1	1/8	True	0	14	52	14	14b	2	415/2	False	True				False	202	I6		G	I		I6	I		6			M	False	False	(4, 1, 0)	()	0	4	major	major	I	I, major	I		I	I	False	I6	I6, major		I6, major		I	I	1		1	1	1	1	5	G	B	G	G	major triad	1	True	True	True	True	True	4	4	4	True	False	True
832	2	208.0	48	0	C	0	1.0	1	4	4	3	1	1/8	True	0	15	53	15	15b	3	208	False	True				False	203	ii65		G	I		ii65	ii		65			mm7	False	False	(-1, 3, 0, 2)	()	2	-1	major	major	I	I, major	ii		I	I	False	ii65	ii65, major		ii65, major		ii	ii7	2		1	1	1	3	0	A	C	G	G		1	True	True	True	True	True	-1	-1	-1	True	False	True
832	2	208.0	48	0	C	0	1.0	1	4	4	4	1	1/8	True	0	15	53	15	15b	3	208	False	True				False	203	ii65		G	I		ii65	ii		65			mm7	False	False	(-1, 3, 0, 2)	()	2	-1	major	major	I	I, major	ii		I	I	False	ii65	ii65, major		ii65, major		ii	ii7	2		1	1	1	3	0	A	C	G	G		1	True	True	True	True	True	-1	-1	-1	True	False	True
832	4	208.0	67	1	G	0	1.0	1	4	4	1	1	1/4	False	0	15	53	15	15b	4	208	False	True				False	203	ii65		G	I		ii65	ii		65			mm7	False	False	(-1, 3, 0, 2)	()	2	-1	major	major	I	I, major	ii		I	I	False	ii65	ii65, major		ii65, major		ii	ii7	2		1	1	1	3	0	A	C	G	G		1	True	True	True	True	True	0	0	0	True	False	False
832	8	208.0	69	3	A	0	1.0	1	4	4	2	1	1/2	True	0	15	53	15	15b	4	208	False	True				False	203	ii65		G	I		ii65	ii		65			mm7	False	False	(-1, 3, 0, 2)	()	2	-1	major	major	I	I, major	ii		I	I	False	ii65	ii65, major		ii65, major		ii	ii7	2		1	1	1	3	0	A	C	G	G		1	True	True	True	True	True	2	2	2	True	True	False
834	2	208.5	45	3	A	0	1.5	0	4	4	3	1	1/8	True	0	15	53	15	15b	2	417/2	False	False				False	203	ii65		G	I		ii65	ii		65			mm7	False	False	(-1, 3, 0, 2)	()	2	-1	major	major	I	I, major	ii		I	I	False	ii65	ii65, major		ii65, major		ii	ii7	2		1	1	1	3	0	A	C	G	G		1	True	True	True	True	True	2	2	2	True	True	False
834	2	208.5	45	3	A	0	1.5	0	4	4	4	1	1/8	True	0	15	53	15	15b	2	417/2	False	False				False	203	ii65		G	I		ii65	ii		65			mm7	False	False	(-1, 3, 0, 2)	()	2	-1	major	major	I	I, major	ii		I	I	False	ii65	ii65, major		ii65, major		ii	ii7	2		1	1	1	3	0	A	C	G	G		1	True	True	True	True	True	2	2	2	True	True	False
836	2	209.0	50	2	D	0	2.0	2	4	4	3	1	1/8	True	0	15	53	15	15b	3	209	False	True				False	204	V		G	I		V	V					M	False	False	(1, 5, 2)	()	1	1	major	major	I	I, major	V		I	I	False	V	V, major		V, major		V	V	5		1	1	1	2	2	D	D	G	G	major triad	0	True	True	True	True	True	1	1	1	True	True	True
836	2	209.0	50	2	D	0	2.0	2	4	4	4	1	1/8	True	0	15	53	15	15b	3	209	False	True				False	204	V		G	I		V	V					M	False	False	(1, 5, 2)	()	1	1	major	major	I	I, major	V		I	I	False	V	V, major		V, major		V	V	5		1	1	1	2	2	D	D	G	G	major triad	0	True	True	True	True	True	1	1	1	True	True	True
836	4	209.0	66	6	F	1	2.0	2	4	4	1	1	1/4	True	0	15	53	15	15b	4	209	False	True				False	204	V		G	I		V	V					M	False	False	(1, 5, 2)	()	1	1	major	major	I	I, major	V		I	I	False	V	V, major		V, major		V	V	5		1	1	1	2	2	D	D	G	G	major triad	0	True	True	True	True	True	5	5	5	True	False	False
838	2	209.5	38	2	D	0	2.5	0	4	4	3	1	1/8	True	0	15	53	15	15b	2	419/2	False	False				False	204	V		G	I		V	V					M	False	False	(1, 5, 2)	()	1	1	major	major	I	I, major	V		I	I	False	V	V, major		V, major		V	V	5		1	1	1	2	2	D	D	G	G	major triad	0	True	True	True	True	True	1	1	1	True	True	True
838	2	209.5	38	2	D	0	2.5	0	4	4	4	1	1/8	True	0	15	53	15	15b	2	419/2	False	False				False	204	V		G	I		V	V					M	False	False	(1, 5, 2)	()	1	1	major	major	I	I, major	V		I	I	False	V	V, major		V, major		V	V	5		1	1	1	2	2	D	D	G	G	major triad	0	True	True	True	True	True	1	1	1	True	True	True
840	4	210.0	43	1	G	0	3.0	3	4	4	3	1	1/4	True	0	15	53	15	15b	2	210	False	True	PAC	PAC	}{	True	205	I|PAC}{		G	I		I	I					M	False	False	(0, 4, 1)	()	0	0	major	major	I	I, major	I		I	I	False	I	I, major		I, major		I	I	1		1	1	1	1	1	G	G	G	G	major triad	0	True	True	True	True	True	0	0	0	True	True	True
840	4	210.0	43	1	G	0	3.0	3	4	4	4	1	1/4	True	0	15	53	15	15b	2	210	False	True	PAC	PAC	}{	True	205	I|PAC}{		G	I		I	I					M	False	False	(0, 4, 1)	()	0	0	major	major	I	I, major	I		I	I	False	I	I, major		I, major		I	I	1		1	1	1	1	1	G	G	G	G	major triad	0	True	True	True	True	True	0	0	0	True	True	True
840	4	210.0	67	1	G	0	3.0	3	4	4	2	1	1/4	True	0	15	53	15	15b	4	210	False	True	PAC	PAC	}{	True	205	I|PAC}{		G	I		I	I					M	False	False	(0, 4, 1)	()	0	0	major	major	I	I, major	I		I	I	False	I	I, major		I, major		I	I	1		1	1	1	1	1	G	G	G	G	major triad	0	True	True	True	True	True	0	0	0	True	True	True
842	2	210.5	74	2	D	0	3.5	0	4	4	1	1	1/8	True	0	15	53	15	15b	5	421/2	False	False				False	205	I|PAC}{		G	I		I	I					M	False	False	(0, 4, 1)	()	0	0	major	major	I	I, major	I		I	I	False	I	I, major		I, major		I	I	1		1	1	1	1	1	G	G	G	G	major triad	0	True	True	True	True	True	1	1	1	True	False	False
844	2	211.0	71	5	B	0	4.0	4	4	4	1	1	1/8	True	0	15	53	15	15b	4	211	False	False				False	205	I|PAC}{		G	I		I	I					M	False	False	(0, 4, 1)	()	0	0	major	major	I	I, major	I		I	I	False	I	I, major		I, major		I	I	1		1	1	1	1	1	G	G	G	G	major triad	0	True	True	True	True	True	4	4	4	True	False	False
846	2	211.5	67	1	G	0	4.5	0	4	4	1	1	1/8	True	0	15	53	15	15b	4	423/2	False	False				False	205	I|PAC}{		G	I		I	I					M	False	False	(0, 4, 1)	()	0	0	major	major	I	I, major	I		I	I	False	I	I, major		I, major		I	I	1		1	1	1	1	1	G	G	G	G	major triad	0	True	True	True	True	True	0	0	0	True	True	True
848	2	212.0	64	4	E	0	1.0	1	4	4	1	1	1/8	True	0	16	54	16	16b	4	212	False	True				False	206	vi		G	I		vi	vi					m	False	False	(3, 0, 4)	()	3	3	major	major	I	I, major	vi		I	I	False	vi	vi, major		vi, major		vi	vi	6		1	1	1	4	4	E	E	G	G	minor triad	0	True	True	True	True	True	3	3	3	True	True	True
850	2	212.5	76	4	E	0	1.5	0	4	4	1	1	1/8	True	0	16	54	16	16b	5	425/2	False	False				False	206	vi		G	I		vi	vi					m	False	False	(3, 0, 4)	()	3	3	major	major	I	I, major	vi		I	I	False	vi	vi, major		vi, major		vi	vi	6		1	1	1	4	4	E	E	G	G	minor triad	0	True	True	True	True	True	3	3	3	True	True	True
852	1	213.0	72	0	C	0	2.0	2	4	4	1	1	1/16	True	0	16	54	16	16b	5	213	False	True				False	207	IV	ii6	G	I		IV	IV					M	False	False	(-1, 3, 0)	()	-1	-1	major	major	I	I, major	IV		I	I	False	IV	IV, major		IV, major		IV	IV	4		1	1	1	0	0	C	C	G	G	major triad	0	True	True	True	True	True	-1	-1	-1	True	True	True
853	1	213.25	71	5	B	0	2.25	0	4	4	1	1	1/16	True	0	16	54	16	16b	4	853/4	False	False				False	207	IV	ii6	G	I		IV	IV					M	False	False	(-1, 3, 0)	()	-1	-1	major	major	I	I, major	IV		I	I	False	IV	IV, major		IV, major		IV	IV	4		1	1	1	0	0	C	C	G	G	major triad	0	True	True	True	True	True	4	4	4	False	False	False
854	1	213.5	69	3	A	0	2.5	0	4	4	1	1	1/16	True	0	16	54	16	16b	4	427/2	False	False				False	207	IV	ii6	G	I		IV	IV					M	False	False	(-1, 3, 0)	()	-1	-1	major	major	I	I, major	IV		I	I	False	IV	IV, major		IV, major		IV	IV	4		1	1	1	0	0	C	C	G	G	major triad	0	True	True	True	True	True	2	2	2	False	False	False
855	1	213.75	67	1	G	0	2.75	0	4	4	1	1	1/16	True	0	16	54	16	16b	4	855/4	False	False				False	207	IV	ii6	G	I		IV	IV					M	False	False	(-1, 3, 0)	()	-1	-1	major	major	I	I, major	IV		I	I	False	IV	IV, major		IV, major		IV	IV	4		1	1	1	0	0	C	C	G	G	major triad	0	True	True	True	True	True	0	0	0	True	False	False
856	2	214.0	66	6	F	1	3.0	3	4	4	1	1	1/8	True	0	16	54	16	16b	4	214	False	True				False	208	viio	V6	G	I		viio	vii	o				o	False	False	(5, 2, -1)	()	5	5	major	major	I	I, major	vii		I	I	False	viio	viio, major		viio, major		vii	viio	7		1	1	1	6	6	F#	F#	G	G	diminished triad	0	True	True	True	True	True	5	5	5	True	True	True
858	2	214.5	74	2	D	0	3.5	0	4	4	2	1	1/8	True	0	16	54	16	16b	5	429/2	False	False				False	208	viio	V6	G	I		viio	vii	o				o	False	False	(5, 2, -1)	()	5	5	major	major	I	I, major	vii		I	I	False	viio	viio, major		viio, major		vii	viio	7		1	1	1	6	6	F#	F#	G	G	diminished triad	0	True	True	True	True	True	1	1	1	False	False	False
858	2	214.5	78	6	F	1	3.5	0	4	4	1	1	1/8	True	0	16	54	16	16b	5	429/2	False	False				False	208	viio	V6	G	I		viio	vii	o				o	False	False	(5, 2, -1)	()	5	5	major	major	I	I, major	vii		I	I	False	viio	viio, major		viio, major		vii	viio	7		1	1	1	6	6	F#	F#	G	G	diminished triad	0	True	True	True	True	True	5	5	5	True	True	True
860	2	215.0	71	5	B	0	4.0	4	4	4	2	1	1/8	True	0	16	54	16	16b	4	215	False	True				False	209	I6		G	I		I6	I		6			M	False	False	(4, 1, 0)	()	0	4	major	major	I	I, major	I		I	I	False	I6	I6, major		I6, major		I	I	1		1	1	1	1	5	G	B	G	G	major triad	1	True	True	True	True	True	4	4	4	True	False	True
860	2	215.0	74	2	D	0	4.0	4	4	4	1	1	1/8	True	0	16	54	16	16b	5	215	False	True				False	209	I6		G	I		I6	I		6			M	False	False	(4, 1, 0)	()	0	4	major	major	I	I, major	I		I	I	False	I6	I6, major		I6, major		I	I	1		1	1	1	1	5	G	B	G	G	major triad	1	True	True	True	True	True	1	1	1	True	False	False
862	2	215.5	67	1	G	0	4.5	0	4	4	2	1	1/8	True	0	16	54	16	16b	4	431/2	False	False				False	209	I6		G	I		I6	I		6			M	False	False	(4, 1, 0)	()	0	4	major	major	I	I, major	I		I	I	False	I6	I6, major		I6, major		I	I	1		1	1	1	1	5	G	B	G	G	major triad	1	True	True	True	True	True	0	0	0	True	True	False
862	2	215.5	71	5	B	0	4.5	0	4	4	1	1	1/8	True	0	16	54	16	16b	4	431/2	False	False				False	209	I6		G	I		I6	I		6			M	False	False	(4, 1, 0)	()	0	4	major	major	I	I, major	I		I	I	False	I6	I6, major		I6, major		I	I	1		1	1	1	1	5	G	B	G	G	major triad	1	True	True	True	True	True	4	4	4	True	False	True
864	2	216.0	64	4	E	0	1.0	1	4	4	2	1	1/8	True	0	17	55	17	17b	4	216	False	True				False	210	vi		G	I		vi	vi					m	False	False	(3, 0, 4)	()	3	3	major	major	I	I, major	vi		I	I	False	vi	vi, major		vi, major		vi	vi	6		1	1	1	4	4	E	E	G	G	minor triad	0	True	True	True	True	True	3	3	3	True	True	True
864	2	216.0	67	1	G	0	1.0	1	4	4	1	1	1/8	True	0	17	55	17	17b	4	216	False	True				False	210	vi		G	I		vi	vi					m	False	False	(3, 0, 4)	()	3	3	major	major	I	I, major	vi		I	I	False	vi	vi, major		vi, major		vi	vi	6		1	1	1	4	4	E	E	G	G	minor triad	0	True	True	True	True	True	0	0	0	True	False	False
866	2	216.5	76	4	E	0	1.5	0	4	4	2	1	1/8	True	0	17	55	17	17b	5	433/2	False	False				False	210	vi		G	I		vi	vi					m	False	False	(3, 0, 4)	()	3	3	major	major	I	I, major	vi		I	I	False	vi	vi, major		vi, major		vi	vi	6		1	1	1	4	4	E	E	G	G	minor triad	0	True	True	True	True	True	3	3	3	True	True	True
866	2	216.5	79	1	G	0	1.5	0	4	4	1	1	1/8	True	0	17	55	17	17b	5	433/2	False	False				False	210	vi		G	I		vi	vi					m	False	False	(3, 0, 4)	()	3	3	major	major	I	I, major	vi		I	I	False	vi	vi, major		vi, major		vi	vi	6		1	1	1	4	4	E	E	G	G	minor triad	0	True	True	True	True	True	0	0	0	True	False	False
868	1	217.0	72	0	C	0	2.0	2	4	4	2	1	1/16	True	0	17	55	17	17b	5	217	False	True				False	211	ii6		G	I		ii6	ii		6			m	False	False	(-1, 3, 2)	()	2	-1	major	major	I	I, major	ii		I	I	False	ii6	ii6, major		ii6, major		ii	ii	2		1	1	1	3	0	A	C	G	G	minor triad	1	True	True	True	True	True	-1	-1	-1	True	False	True
868	1	217.0	76	4	E	0	2.0	2	4	4	1	1	1/16	True	0	17	55	17	17b	5	217	False	True				False	211	ii6		G	I		ii6	ii		6			m	False	False	(-1, 3, 2)	()	2	-1	major	major	I	I, major	ii		I	I	False	ii6	ii6, major		ii6, major		ii	ii	2		1	1	1	3	0	A	C	G	G	minor triad	1	True	True	True	True	True	3	3	3	True	False	False
869	1	217.25	71	5	B	0	2.25	0	4	4	2	1	1/16	True	0	17	55	17	17b	4	869/4	False	False				False	211	ii6		G	I		ii6	ii		6			m	False	False	(-1, 3, 2)	()	2	-1	major	major	I	I, major	ii		I	I	False	ii6	ii6, major		ii6, major		ii	ii	2		1	1	1	3	0	A	C	G	G	minor triad	1	True	True	True	True	True	4	4	4	False	False	False
869	1	217.25	74	2	D	0	2.25	0	4	4	1	1	1/16	True	0	17	55	17	17b	5	869/4	False	False				False	211	ii6		G	I		ii6	ii		6			m	False	False	(-1, 3, 2)	()	2	-1	major	major	I	I, major	ii		I	I	False	ii6	ii6, major		ii6, major		ii	ii	2		1	1	1	3	0	A	C	G	G	minor triad	1	True	True	True	True	True	1	1	1	False	False	False
870	1	217.5	69	3	A	0	2.5	0	4	4	2	1	1/16	True	0	17	55	17	17b	4	435/2	False	False				False	211	ii6		G	I		ii6	ii		6			m	False	False	(-1, 3, 2)	()	2	-1	major	major	I	I, major	ii		I	I	False	ii6	ii6, major		ii6, major		ii	ii	2		1	1	1	3	0	A	C	G	G	minor triad	1	True	True	True	True	True	2	2	2	True	True	False
870	1	217.5	72	0	C	0	2.5	0	4	4	1	1	1/16	True	0	17	55	17	17b	5	435/2	False	False				False	211	ii6		G	I		ii6	ii		6			m	False	False	(-1, 3, 2)	()	2	-1	major	major	I	I, major	ii		I	I	False	ii6	ii6, major		ii6, major		ii	ii	2		1	1	1	3	0	A	C	G	G	minor triad	1	True	True	True	True	True	-1	-1	-1	True	False	True
871	1	217.75	67	1	G	0	2.75	0	4	4	2	1	1/16	True	0	17	55	17	17b	4	871/4	False	False				False	211	ii6		G	I		ii6	ii		6			m	False	False	(-1, 3, 2)	()	2	-1	major	major	I	I, major	ii		I	I	False	ii6	ii6, major		ii6, major		ii	ii	2		1	1	1	3	0	A	C	G	G	minor triad	1	True	True	True	True	True	0	0	0	False	False	False
871	1	217.75	71	5	B	0	2.75	0	4	4	1	1	1/16	True	0	17	55	17	17b	4	871/4	False	False				False	211	ii6		G	I		ii6	ii		6			m	False	False	(-1, 3, 2)	()	2	-1	major	major	I	I, major	ii		I	I	False	ii6	ii6, major		ii6, major		ii	ii	2		1	1	1	3	0	A	C	G	G	minor triad	1	True	True	True	True	True	4	4	4	False	False	False
872	8	218.0	50	2	D	0	3.0	3	4	4	3	1	1/2	True	0	17	55	17	17b	3	218	False	True				False	212	V		G	I		V	V					M	False	False	(1, 5, 2)	()	1	1	major	major	I	I, major	V		I	I	False	V	V, major		V, major		V	V	5		1	1	1	2	2	D	D	G	G	major triad	0	True	True	True	True	True	1	1	1	True	True	True
872	8	218.0	50	2	D	0	3.0	3	4	4	4	1	1/2	True	0	17	55	17	17b	3	218	False	True				False	212	V		G	I		V	V					M	False	False	(1, 5, 2)	()	1	1	major	major	I	I, major	V		I	I	False	V	V, major		V, major		V	V	5		1	1	1	2	2	D	D	G	G	major triad	0	True	True	True	True	True	1	1	1	True	True	True
872	2	218.0	66	6	F	1	3.0	3	4	4	2	1	1/8	True	0	17	55	17	17b	4	218	False	True				False	212	V		G	I		V	V					M	False	False	(1, 5, 2)	()	1	1	major	major	I	I, major	V		I	I	False	V	V, major		V, major		V	V	5		1	1	1	2	2	D	D	G	G	major triad	0	True	True	True	True	True	5	5	5	True	False	False
872	2	218.0	69	3	A	0	3.0	3	4	4	1	1	1/8	True	0	17	55	17	17b	4	218	False	True				False	212	V		G	I		V	V					M	False	False	(1, 5, 2)	()	1	1	major	major	I	I, major	V		I	I	False	V	V, major		V, major		V	V	5		1	1	1	2	2	D	D	G	G	major triad	0	True	True	True	True	True	2	2	2	True	False	False
874	2	218.5	78	6	F	1	3.5	0	4	4	2	1	1/8	True	0	17	55	17	17b	5	437/2	False	False				False	212	V		G	I		V	V					M	False	False	(1, 5, 2)	()	1	1	major	major	I	I, major	V		I	I	False	V	V, major		V, major		V	V	5		1	1	1	2	2	D	D	G	G	major triad	0	True	True	True	True	True	5	5	5	True	False	False
874	2	218.5	81	3	A	0	3.5	0	4	4	1	1	1/8	True	0	17	55	17	17b	5	437/2	False	False				False	212	V		G	I		V	V					M	False	False	(1, 5, 2)	()	1	1	major	major	I	I, major	V		I	I	False	V	V, major		V, major		V	V	5		1	1	1	2	2	D	D	G	G	major triad	0	True	True	True	True	True	2	2	2	True	False	False
876	2	219.0	74	2	D	0	4.0	4	4	4	2	1	1/8	True	0	17	55	17	17b	5	219	False	True				False	213	iii6		G	I		iii6	iii		6			m	False	False	(1, 5, 4)	()	4	1	major	major	I	I, major	iii		I	I	False	iii6	iii6, major		iii6, major		iii	iii	3		1	1	1	5	2	B	D	G	G	minor triad	1	True	True	True	True	True	1	1	1	True	False	True
876	2	219.0	78	6	F	1	4.0	4	4	4	1	1	1/8	True	0	17	55	17	17b	5	219	False	True				False	213	iii6		G	I		iii6	iii		6			m	False	False	(1, 5, 4)	()	4	1	major	major	I	I, major	iii		I	I	False	iii6	iii6, major		iii6, major		iii	iii	3		1	1	1	5	2	B	D	G	G	minor triad	1	True	True	True	True	True	5	5	5	True	False	False
878	2	219.5	71	5	B	0	4.5	0	4	4	2	1	1/8	True	0	17	55	17	17b	4	439/2	False	False				False	213	iii6		G	I		iii6	iii		6			m	False	False	(1, 5, 4)	()	4	1	major	major	I	I, major	iii		I	I	False	iii6	iii6, major		iii6, major		iii	iii	3		1	1	1	5	2	B	D	G	G	minor triad	1	True	True	True	True	True	4	4	4	True	True	False
878	2	219.5	74	2	D	0	4.5	0	4	4	1	1	1/8	True	0	17	55	17	17b	5	439/2	False	False				False	213	iii6		G	I		iii6	iii		6			m	False	False	(1, 5, 4)	()	4	1	major	major	I	I, major	iii		I	I	False	iii6	iii6, major		iii6, major		iii	iii	3		1	1	1	5	2	B	D	G	G	minor triad	1	True	True	True	True	True	1	1	1	True	False	True
880	6	220.0	52	4	E	0	1.0	1	4	4	3	1	3/8	True	0	18	56	18	18b	3	220	False	True				False	214	vi		G	I		vi	vi					m	False	False	(3, 0, 4)	()	3	3	major	major	I	I, major	vi		I	I	False	vi	vi, major		vi, major		vi	vi	6		1	1	1	4	4	E	E	G	G	minor triad	0	True	True	True	True	True	3	3	3	True	True	True
880	6	220.0	52	4	E	0	1.0	1	4	4	4	1	3/8	True	0	18	56	18	18b	3	220	False	True				False	214	vi		G	I		vi	vi					m	False	False	(3, 0, 4)	()	3	3	major	major	I	I, major	vi		I	I	False	vi	vi, major		vi, major		vi	vi	6		1	1	1	4	4	E	E	G	G	minor triad	0	True	True	True	True	True	3	3	3	True	True	True
880	2	220.0	67	1	G	0	1.0	1	4	4	2	1	1/8	True	0	18	56	18	18b	4	220	False	True				False	214	vi		G	I		vi	vi					m	False	False	(3, 0, 4)	()	3	3	major	major	I	I, major	vi		I	I	False	vi	vi, major		vi, major		vi	vi	6		1	1	1	4	4	E	E	G	G	minor triad	0	True	True	True	True	True	0	0	0	True	False	False
880	4	220.0	71	5	B	0	1.0	1	4	4	1	1	1/4	True	0	18	56	18	18b	4	220	False	True				False	214	vi		G	I		vi	vi					m	False	False	(3, 0, 4)	()	3	3	major	major	I	I, major	vi		I	I	False	vi	vi, major		vi, major		vi	vi	6		1	1	1	4	4	E	E	G	G	minor triad	0	True	True	True	True	True	4	4	4	True	False	False
882	1	220.5	69	3	A	0	1.5	0	4	4	2	1	1/16	True	0	18	56	18	18b	4	441/2	False	False				False	214	vi		G	I		vi	vi					m	False	False	(3, 0, 4)	()	3	3	major	major	I	I, major	vi		I	I	False	vi	vi, major		vi, major		vi	vi	6		1	1	1	4	4	E	E	G	G	minor triad	0	True	True	True	True	True	2	2	2	False	False	False
883	1	220.75	71	5	B	0	1.75	0	4	4	2	1	1/16	True	0	18	56	18	18b	4	883/4	False	False				False	214	vi		G	I		vi	vi					m	False	False	(3, 0, 4)	()	3	3	major	major	I	I, major	vi		I	I	False	vi	vi, major		vi, major		vi	vi	6		1	1	1	4	4	E	E	G	G	minor triad	0	True	True	True	True	True	4	4	4	True	False	False
884	6	221.0	72	0	C	0	2.0	2	4	4	2	1	3/8	True	0	18	56	18	18b	5	221	False	True				False	215	IV6		G	I		IV6	IV		6			M	False	False	(3, 0, -1)	()	-1	3	major	major	I	I, major	IV		I	I	False	IV6	IV6, major		IV6, major		IV	IV	4		1	1	1	0	4	C	E	G	G	major triad	1	True	True	True	True	True	-1	-1	-1	True	True	False
886	1	221.5	50	2	D	0	2.5	0	4	4	3	1	1/16	True	0	18	56	18	18b	3	443/2	False	False				False	215	IV6		G	I		IV6	IV		6			M	False	False	(3, 0, -1)	()	-1	3	major	major	I	I, major	IV		I	I	False	IV6	IV6, major		IV6, major		IV	IV	4		1	1	1	0	4	C	E	G	G	major triad	1	True	True	True	True	True	1	1	1	False	False	False
886	1	221.5	50	2	D	0	2.5	0	4	4	4	1	1/16	True	0	18	56	18	18b	3	443/2	False	False				False	215	IV6		G	I		IV6	IV		6			M	False	False	(3, 0, -1)	()	-1	3	major	major	I	I, major	IV		I	I	False	IV6	IV6, major		IV6, major		IV	IV	4		1	1	1	0	4	C	E	G	G	major triad	1	True	True	True	True	True	1	1	1	False	False	False
886	2	221.5	76	4	E	0	2.5	0	4	4	1	1	1/8	True	0	18	56	18	18b	5	443/2	False	False				False	215	IV6		G	I		IV6	IV		6			M	False	False	(3, 0, -1)	()	-1	3	major	major	I	I, major	IV		I	I	False	IV6	IV6, major		IV6, major		IV	IV	4		1	1	1	0	4	C	E	G	G	major triad	1	True	True	True	True	True	3	3	3	True	False	True
887	1	221.75	52	4	E	0	2.75	0	4	4	3	1	1/16	True	0	18	56	18	18b	3	887/4	False	False				False	215	IV6		G	I		IV6	IV		6			M	False	False	(3, 0, -1)	()	-1	3	major	major	I	I, major	IV		I	I	False	IV6	IV6, major		IV6, major		IV	IV	4		1	1	1	0	4	C	E	G	G	major triad	1	True	True	True	True	True	3	3	3	True	False	True
887	1	221.75	52	4	E	0	2.75	0	4	4	4	1	1/16	True	0	18	56	18	18b	3	887/4	False	False				False	215	IV6		G	I		IV6	IV		6			M	False	False	(3, 0, -1)	()	-1	3	major	major	I	I, major	IV		I	I	False	IV6	IV6, major		IV6, major		IV	IV	4		1	1	1	0	4	C	E	G	G	major triad	1	True	True	True	True	True	3	3	3	True	False	True
888	2	222.0	54	6	F	1	3.0	3	4	4	3	1	1/8	True	0	18	56	18	18b	3	222	False	True				False	216	V65		G	I		V65	V		65			Mm7	False	False	(5, 2, -1, 1)	()	1	5	major	major	I	I, major	V		I	I	False	V65	V65, major		V65, major		V	V7	5		1	1	1	2	6	D	F#	G	G	dominant seventh chord	1	True	True	True	True	True	5	5	5	True	False	True
888	2	222.0	54	6	F	1	3.0	3	4	4	4	1	1/8	True	0	18	56	18	18b	3	222	False	True				False	216	V65		G	I		V65	V		65			Mm7	False	False	(5, 2, -1, 1)	()	1	5	major	major	I	I, major	V		I	I	False	V65	V65, major		V65, major		V	V7	5		1	1	1	2	6	D	F#	G	G	dominant seventh chord	1	True	True	True	True	True	5	5	5	True	False	True
888	6	222.0	74	2	D	0	3.0	3	4	4	1	1	3/8	True	0	18	56	18	18b	5	222	False	True				False	216	V65		G	I		V65	V		65			Mm7	False	False	(5, 2, -1, 1)	()	1	5	major	major	I	I, major	V		I	I	False	V65	V65, major		V65, major		V	V7	5		1	1	1	2	6	D	F#	G	G	dominant seventh chord	1	True	True	True	True	True	1	1	1	True	True	False
890	2	222.5	50	2	D	0	3.5	0	4	4	3	1	1/8	True	0	18	56	18	18b	3	445/2	False	False				False	216	V65		G	I		V65	V		65			Mm7	False	False	(5, 2, -1, 1)	()	1	5	major	major	I	I, major	V		I	I	False	V65	V65, major		V65, major		V	V7	5		1	1	1	2	6	D	F#	G	G	dominant seventh chord	1	True	True	True	True	True	1	1	1	True	True	False
890	2	222.5	50	2	D	0	3.5	0	4	4	4	1	1/8	True	0	18	56	18	18b	3	445/2	False	False				False	216	V65		G	I		V65	V		65			Mm7	False	False	(5, 2, -1, 1)	()	1	5	major	major	I	I, major	V		I	I	False	V65	V65, major		V65, major		V	V7	5		1	1	1	2	6	D	F#	G	G	dominant seventh chord	1	True	True	True	True	True	1	1	1	True	True	False
890	1	222.5	71	5	B	0	3.5	0	4	4	2	1	1/16	True	0	18	56	18	18b	4	445/2	False	False				False	216	V65		G	I		V65	V		65			Mm7	False	False	(5, 2, -1, 1)	()	1	5	major	major	I	I, major	V		I	I	False	V65	V65, major		V65, major		V	V7	5		1	1	1	2	6	D	F#	G	G	dominant seventh chord	1	True	True	True	True	True	4	4	4	False	False	False
891	1	222.75	69	3	A	0	3.75	0	4	4	2	1	1/16	True	0	18	56	18	18b	4	891/4	False	False				False	216	V65		G	I		V65	V		65			Mm7	False	False	(5, 2, -1, 1)	()	1	5	major	major	I	I, major	V		I	I	False	V65	V65, major		V65, major		V	V7	5		1	1	1	2	6	D	F#	G	G	dominant seventh chord	1	True	True	True	True	True	2	2	2	True	False	False
892	2	223.0	55	1	G	0	4.0	4	4	4	3	1	1/8	True	0	18	56	18	18b	3	223	False	True				False	217	I		G	I		I	I					M	False	False	(0, 4, 1)	()	0	0	major	major	I	I, major	I		I	I	False	I	I, major		I, major		I	I	1		1	1	1	1	1	G	G	G	G	major triad	0	True	True	True	True	True	0	0	0	True	True	True
892	2	223.0	55	1	G	0	4.0	4	4	4	4	1	1/8	True	0	18	56	18	18b	3	223	False	True				False	217	I		G	I		I	I					M	False	False	(0, 4, 1)	()	0	0	major	major	I	I, major	I		I	I	False	I	I, major		I, major		I	I	1		1	1	1	1	1	G	G	G	G	major triad	0	True	True	True	True	True	0	0	0	True	True	True
892	2	223.0	71	5	B	0	4.0	4	4	4	2	1	1/8	True	0	18	56	18	18b	4	223	False	True				False	217	I		G	I		I	I					M	False	False	(0, 4, 1)	()	0	0	major	major	I	I, major	I		I	I	False	I	I, major		I, major		I	I	1		1	1	1	1	1	G	G	G	G	major triad	0	True	True	True	True	True	4	4	4	True	False	False
894	2	223.5	55	1	G	0	4.5	0	4	4	3	1	1/8	True	0	18	56	18	18b	3	447/2	False	False				False	217	I		G	I		I	I					M	False	False	(0, 4, 1)	()	0	0	major	major	I	I, major	I		I	I	False	I	I, major		I, major		I	I	1		1	1	1	1	1	G	G	G	G	major triad	0	True	True	True	True	True	0	0	0	True	True	True
894	2	223.5	55	1	G	0	4.5	0	4	4	4	1	1/8	True	0	18	56	18	18b	3	447/2	False	False				False	217	I		G	I		I	I					M	False	False	(0, 4, 1)	()	0	0	major	major	I	I, major	I		I	I	False	I	I, major		I, major		I	I	1		1	1	1	1	1	G	G	G	G	major triad	0	True	True	True	True	True	0	0	0	True	True	True
894	1	223.5	72	0	C	0	4.5	0	4	4	2	1	1/16	True	0	18	56	18	18b	5	447/2	False	False				False	217	I		G	I		I	I					M	False	False	(0, 4, 1)	()	0	0	major	major	I	I, major	I		I	I	False	I	I, major		I, major		I	I	1		1	1	1	1	1	G	G	G	G	major triad	0	True	True	True	True	True	-1	-1	-1	False	False	False
894	1	223.5	76	4	E	0	4.5	0	4	4	1	1	1/16	True	0	18	56	18	18b	5	447/2	False	False				False	217	I		G	I		I	I					M	False	False	(0, 4, 1)	()	0	0	major	major	I	I, major	I		I	I	False	I	I, major		I, major		I	I	1		1	1	1	1	1	G	G	G	G	major triad	0	True	True	True	True	True	3	3	3	False	False	False
895	1	223.75	71	5	B	0	4.75	0	4	4	2	1	1/16	True	0	18	56	18	18b	4	895/4	False	False				False	217	I		G	I		I	I					M	False	False	(0, 4, 1)	()	0	0	major	major	I	I, major	I		I	I	False	I	I, major		I, major		I	I	1		1	1	1	1	1	G	G	G	G	major triad	0	True	True	True	True	True	4	4	4	True	False	False
895	1	223.75	74	2	D	0	4.75	0	4	4	1	1	1/16	True	0	18	56	18	18b	5	895/4	False	False				False	217	I		G	I		I	I					M	False	False	(0, 4, 1)	()	0	0	major	major	I	I, major	I		I	I	False	I	I, major		I, major		I	I	1		1	1	1	1	1	G	G	G	G	major triad	0	True	True	True	True	True	1	1	1	True	False	False
896	4	224.0	55	1	G	0	1.0	1	4	4	3	1	1/4	True	0	19	57	19	19b	3	224	False	True				False	218	viio(2)		G	I		viio(2)	vii	o		2		o	False	False	(0, 2, -1)	()	5	0	major	major	I	I, major	vii		I	I	False	viio	viio, major		viio(2), major		vii	viio	7		1	1	1	6	1	F#	G	G	G	diminished triad	0	True	True	True	True	True	0	0	0	True	False	True
896	4	224.0	55	1	G	0	1.0	1	4	4	4	1	1/4	True	0	19	57	19	19b	3	224	False	True				False	218	viio(2)		G	I		viio(2)	vii	o		2		o	False	False	(0, 2, -1)	()	5	0	major	major	I	I, major	vii		I	I	False	viio	viio, major		viio(2), major		vii	viio	7		1	1	1	6	1	F#	G	G	G	diminished triad	0	True	True	True	True	True	0	0	0	True	False	True
896	4	224.0	69	3	A	0	1.0	1	4	4	2	1	1/4	True	0	19	57	19	19b	4	224	False	True				False	218	viio(2)		G	I		viio(2)	vii	o		2		o	False	False	(0, 2, -1)	()	5	0	major	major	I	I, major	vii		I	I	False	viio	viio, major		viio(2), major		vii	viio	7		1	1	1	6	1	F#	G	G	G	diminished triad	0	True	True	True	True	True	2	2	2	True	False	False
896	6	224.0	72	0	C	0	1.0	1	4	4	1	1	3/8	True	0	19	57	19	19b	5	224	False	True				False	218	viio(2)		G	I		viio(2)	vii	o		2		o	False	False	(0, 2, -1)	()	5	0	major	major	I	I, major	vii		I	I	False	viio	viio, major		viio(2), major		vii	viio	7		1	1	1	6	1	F#	G	G	G	diminished triad	0	True	True	True	True	True	-1	-1	-1	True	False	False
900	4	225.0	54	6	F	1	2.0	2	4	4	3	1	1/4	True	0	19	57	19	19b	3	225	False	True				False	219	viio		G	I		viio	vii	o				o	False	False	(5, 2, -1)	()	5	5	major	major	I	I, major	vii		I	I	False	viio	viio, major		viio, major		vii	viio	7		1	1	1	6	6	F#	F#	G	G	diminished triad	0	True	True	True	True	True	5	5	5	True	True	True
900	4	225.0	54	6	F	1	2.0	2	4	4	4	1	1/4	True	0	19	57	19	19b	3	225	False	True				False	219	viio		G	I		viio	vii	o				o	False	False	(5, 2, -1)	()	5	5	major	major	I	I, major	vii		I	I	False	viio	viio, major		viio, major		vii	viio	7		1	1	1	6	6	F#	F#	G	G	diminished triad	0	True	True	True	True	True	5	5	5	True	True	True
900	4	225.0	81	3	A	0	2.0	2	4	4	2	1	1/4	True	0	19	57	19	19b	5	225	False	True				False	219	viio		G	I		viio	vii	o				o	False	False	(5, 2, -1)	()	5	5	major	major	I	I, major	vii		I	I	False	viio	viio, major		viio, major		vii	viio	7		1	1	1	6	6	F#	F#	G	G	diminished triad	0	True	True	True	True	True	2	2	2	True	False	False
902	1	225.5	74	2	D	0	2.5	0	4	4	1	1	1/16	True	0	19	57	19	19b	5	451/2	False	False				False	219	viio		G	I		viio	vii	o				o	False	False	(5, 2, -1)	()	5	5	major	major	I	I, major	vii		I	I	False	viio	viio, major		viio, major		vii	viio	7		1	1	1	6	6	F#	F#	G	G	diminished triad	0	True	True	True	True	True	1	1	1	False	False	False
903	1	225.75	72	0	C	0	2.75	0	4	4	1	1	1/16	True	0	19	57	19	19b	5	903/4	False	False				False	219	viio		G	I		viio	vii	o				o	False	False	(5, 2, -1)	()	5	5	major	major	I	I, major	vii		I	I	False	viio	viio, major		viio, major		vii	viio	7		1	1	1	6	6	F#	F#	G	G	diminished triad	0	True	True	True	True	True	-1	-1	-1	True	False	False
904	2	226.0	55	1	G	0	3.0	3	4	4	3	1	1/8	True	0	19	57	19	19b	3	226	False	True				False	220	I(9)		G	I		I(9)	I			9		M	False	False	(0, 4, 1)	(2,)	0	0	major	major	I	I, major	I		I	I	False	I	I, major		I(9), major		I	I	1		1	1	1	1	1	G	G	G	G	major triad	0	True	True	True	True	True	0	0	0	True	True	True
904	2	226.0	55	1	G	0	3.0	3	4	4	4	1	1/8	True	0	19	57	19	19b	3	226	False	True				False	220	I(9)		G	I		I(9)	I			9		M	False	False	(0, 4, 1)	(2,)	0	0	major	major	I	I, major	I		I	I	False	I	I, major		I(9), major		I	I	1		1	1	1	1	1	G	G	G	G	major triad	0	True	True	True	True	True	0	0	0	True	True	True
904	6	226.0	71	5	B	0	3.0	3	4	4	1	1	3/8	True	0	19	57	19	19b	4	226	False	True				False	220	I(9)		G	I		I(9)	I			9		M	False	False	(0, 4, 1)	(2,)	0	0	major	major	I	I, major	I		I	I	False	I	I, major		I(9), major		I	I	1		1	1	1	1	1	G	G	G	G	major triad	0	True	True	True	True	True	4	4	4	True	False	False
904	2	226.0	81	3	A	0	3.0	3	4	4	2	1	1/8	True	0	19	57	19	19b	5	226	False	True				False	220	I(9)		G	I		I(9)	I			9		M	False	False	(0, 4, 1)	(2,)	0	0	major	major	I	I, major	I		I	I	False	I	I, major		I(9), major		I	I	1		1	1	1	1	1	G	G	G	G	major triad	0	True	True	True	True	True	2	2	2	False	False	False
906	2	226.5	43	1	G	0	3.5	0	4	4	3	1	1/8	True	0	19	57	19	19b	2	453/2	False	False				False	220	I(9)		G	I		I(9)	I			9		M	False	False	(0, 4, 1)	(2,)	0	0	major	major	I	I, major	I		I	I	False	I	I, major		I(9), major		I	I	1		1	1	1	1	1	G	G	G	G	major triad	0	True	True	True	True	True	0	0	0	True	True	True
906	2	226.5	43	1	G	0	3.5	0	4	4	4	1	1/8	True	0	19	57	19	19b	2	453/2	False	False				False	220	I(9)		G	I		I(9)	I			9		M	False	False	(0, 4, 1)	(2,)	0	0	major	major	I	I, major	I		I	I	False	I	I, major		I(9), major		I	I	1		1	1	1	1	1	G	G	G	G	major triad	0	True	True	True	True	True	0	0	0	True	True	True
906	2	226.5	74	2	D	0	3.5	0	4	4	2	1	1/8	True	0	19	57	19	19b	5	453/2	False	False				False	220	I(9)		G	I		I(9)	I			9		M	False	False	(0, 4, 1)	(2,)	0	0	major	major	I	I, major	I		I	I	False	I	I, major		I(9), major		I	I	1		1	1	1	1	1	G	G	G	G	major triad	0	True	True	True	True	True	1	1	1	True	False	False
908	2	227.0	47	5	B	0	4.0	4	4	4	3	1	1/8	True	0	19	57	19	19b	2	227	False	True				False	221	I6		G	I		I6	I		6			M	False	False	(4, 1, 0)	()	0	4	major	major	I	I, major	I		I	I	False	I6	I6, major		I6, major		I	I	1		1	1	1	1	5	G	B	G	G	major triad	1	True	True	True	True	True	4	4	4	True	False	True
908	2	227.0	47	5	B	0	4.0	4	4	4	4	1	1/8	True	0	19	57	19	19b	2	227	False	True				False	221	I6		G	I		I6	I		6			M	False	False	(4, 1, 0)	()	0	4	major	major	I	I, major	I		I	I	False	I6	I6, major		I6, major		I	I	1		1	1	1	1	5	G	B	G	G	major triad	1	True	True	True	True	True	4	4	4	True	False	True
908	4	227.0	79	1	G	0	4.0	4	4	4	2	1	1/4	True	0	19	57	19	19b	5	227	False	True				False	221	I6		G	I		I6	I		6			M	False	False	(4, 1, 0)	()	0	4	major	major	I	I, major	I		I	I	False	I6	I6, major		I6, major		I	I	1		1	1	1	1	5	G	B	G	G	major triad	1	True	True	True	True	True	0	0	0	True	True	False
910	2	227.5	43	1	G	0	4.5	0	4	4	3	1	1/8	True	0	19	57	19	19b	2	455/2	False	False				False	221	I6		G	I		I6	I		6			M	False	False	(4, 1, 0)	()	0	4	major	major	I	I, major	I		I	I	False	I6	I6, major		I6, major		I	I	1		1	1	1	1	5	G	B	G	G	major triad	1	True	True	True	True	True	0	0	0	True	True	False
910	2	227.5	43	1	G	0	4.5	0	4	4	4	1	1/8	True	0	19	57	19	19b	2	455/2	False	False				False	221	I6		G	I		I6	I		6			M	False	False	(4, 1, 0)	()	0	4	major	major	I	I, major	I		I	I	False	I6	I6, major		I6, major		I	I	1		1	1	1	1	5	G	B	G	G	major triad	1	True	True	True	True	True	0	0	0	True	True	False
910	2	227.5	83	5	B	0	4.5	0	4	4	1	1	1/8	True	0	19	57	19	19b	5	455/2	False	False				False	221	I6		G	I		I6	I		6			M	False	False	(4, 1, 0)	()	0	4	major	major	I	I, major	I		I	I	False	I6	I6, major		I6, major		I	I	1		1	1	1	1	5	G	B	G	G	major triad	1	True	True	True	True	True	4	4	4	True	False	True
912	2	228.0	50	2	D	0	1.0	1	4	4	3	1	1/8	True	0	20	58	20	20b	3	228	False	True				False	222	V(4)		G	I		V(4)	V			4		M	False	False	(1, 0, 2)	()	1	1	major	major	I	I, major	V		I	I	False	V	V, major		V(4), major		V	V	5		1	1	1	2	2	D	D	G	G	major triad	0	True	True	True	True	True	1	1	1	True	True	True
912	2	228.0	50	2	D	0	1.0	1	4	4	4	1	1/8	True	0	20	58	20	20b	3	228	False	True				False	222	V(4)		G	I		V(4)	V			4		M	False	False	(1, 0, 2)	()	1	1	major	major	I	I, major	V		I	I	False	V	V, major		V(4), major		V	V	5		1	1	1	2	2	D	D	G	G	major triad	0	True	True	True	True	True	1	1	1	True	True	True
912	4	228.0	79	1	G	0	1.0	1	4	4	2	1	1/4	False	0	20	58	20	20b	5	228	False	True				False	222	V(4)		G	I		V(4)	V			4		M	False	False	(1, 0, 2)	()	1	1	major	major	I	I, major	V		I	I	False	V	V, major		V(4), major		V	V	5		1	1	1	2	2	D	D	G	G	major triad	0	True	True	True	True	True	0	0	0	True	False	False
912	6	228.0	81	3	A	0	1.0	1	4	4	1	1	3/8	True	0	20	58	20	20b	5	228	False	True				False	222	V(4)		G	I		V(4)	V			4		M	False	False	(1, 0, 2)	()	1	1	major	major	I	I, major	V		I	I	False	V	V, major		V(4), major		V	V	5		1	1	1	2	2	D	D	G	G	major triad	0	True	True	True	True	True	2	2	2	True	False	False
914	2	228.5	52	4	E	0	1.5	0	4	4	3	1	1/8	True	0	20	58	20	20b	3	457/2	False	False				False	222	V(4)		G	I		V(4)	V			4		M	False	False	(1, 0, 2)	()	1	1	major	major	I	I, major	V		I	I	False	V	V, major		V(4), major		V	V	5		1	1	1	2	2	D	D	G	G	major triad	0	True	True	True	True	True	3	3	3	False	False	False
914	2	228.5	52	4	E	0	1.5	0	4	4	4	1	1/8	True	0	20	58	20	20b	3	457/2	False	False				False	222	V(4)		G	I		V(4)	V			4		M	False	False	(1, 0, 2)	()	1	1	major	major	I	I, major	V		I	I	False	V	V, major		V(4), major		V	V	5		1	1	1	2	2	D	D	G	G	major triad	0	True	True	True	True	True	3	3	3	False	False	False
916	2	229.0	54	6	F	1	2.0	2	4	4	3	1	1/8	True	0	20	58	20	20b	3	229	False	True				False	223	vi.#viio6		G	vi		#viio6	#vii	o	6			o	False	True	(2, -1, 5)	()	5	2	major	minor	vi	vi, major	#vii		vi	vi	True	#viio6	#viio6, minor		#viio6, minor		#vii	viio	#7		1	4	4	6	3	F#	A	E	E	diminished triad	1	True	True	True	True	True	5	2	2	True	False	True
916	2	229.0	54	6	F	1	2.0	2	4	4	4	1	1/8	True	0	20	58	20	20b	3	229	False	True				False	223	vi.#viio6		G	vi		#viio6	#vii	o	6			o	False	True	(2, -1, 5)	()	5	2	major	minor	vi	vi, major	#vii		vi	vi	True	#viio6	#viio6, minor		#viio6, minor		#vii	viio	#7		1	4	4	6	3	F#	A	E	E	diminished triad	1	True	True	True	True	True	5	2	2	True	False	True
916	6	229.0	78	6	F	1	2.0	2	4	4	2	1	3/8	True	0	20	58	20	20b	5	229	False	True				False	223	vi.#viio6		G	vi		#viio6	#vii	o	6			o	False	True	(2, -1, 5)	()	5	2	major	minor	vi	vi, major	#vii		vi	vi	True	#viio6	#viio6, minor		#viio6, minor		#vii	viio	#7		1	4	4	6	3	F#	A	E	E	diminished triad	1	True	True	True	True	True	5	2	2	True	False	True
918	2	229.5	51	9	D	1	2.5	0	4	4	3	1	1/8	True	0	20	58	20	20b	3	459/2	False	True				False	224	#viio		G	vi		#viio	#vii	o				o	False	True	(5, 2, -1)	()	5	5	major	minor	vi	vi, major	#vii		vi	vi	True	#viio	#viio, minor		#viio, minor		#vii	viio	#7		1	4	4	6	6	F#	F#	E	E	diminished triad	0	True	True	True	True	True	8	5	5	True	True	True
918	2	229.5	51	9	D	1	2.5	0	4	4	4	1	1/8	True	0	20	58	20	20b	3	459/2	False	True				False	224	#viio		G	vi		#viio	#vii	o				o	False	True	(5, 2, -1)	()	5	5	major	minor	vi	vi, major	#vii		vi	vi	True	#viio	#viio, minor		#viio, minor		#vii	viio	#7		1	4	4	6	6	F#	F#	E	E	diminished triad	0	True	True	True	True	True	8	5	5	True	True	True
918	1	229.5	83	5	B	0	2.5	0	4	4	1	1	1/16	True	0	20	58	20	20b	5	459/2	False	True				False	224	#viio		G	vi		#viio	#vii	o				o	False	True	(5, 2, -1)	()	5	5	major	minor	vi	vi, major	#vii		vi	vi	True	#viio	#viio, minor		#viio, minor		#vii	viio	#7		1	4	4	6	6	F#	F#	E	E	diminished triad	0	True	True	True	True	True	4	1	1	False	False	False
919	1	229.75	81	3	A	0	2.75	0	4	4	1	1	1/16	True	0	20	58	20	20b	5	919/4	False	False				False	224	#viio		G	vi		#viio	#vii	o				o	False	True	(5, 2, -1)	()	5	5	major	minor	vi	vi, major	#vii		vi	vi	True	#viio	#viio, minor		#viio, minor		#vii	viio	#7		1	4	4	6	6	F#	F#	E	E	diminished triad	0	True	True	True	True	True	2	-1	-1	True	False	False
920	2	230.0	52	4	E	0	3.0	3	4	4	3	1	1/8	True	0	20	58	20	20b	3	230	False	True				False	225	i(9)		G	vi		i(9)	i			9		m	False	True	(0, -3, 1)	(2,)	0	0	major	minor	vi	vi, major	i		vi	vi	True	i	i, minor		i(9), minor		i	i	1		1	4	4	1	1	G	G	E	E	minor triad	0	True	True	True	True	True	3	0	0	True	True	True
920	6	230.0	52	4	E	0	3.0	3	4	4	4	1	3/8	True	0	20	58	20	20b	3	230	False	True				False	225	i(9)		G	vi		i(9)	i			9		m	False	True	(0, -3, 1)	(2,)	0	0	major	minor	vi	vi, major	i		vi	vi	True	i	i, minor		i(9), minor		i	i	1		1	4	4	1	1	G	G	E	E	minor triad	0	True	True	True	True	True	3	0	0	True	True	True
920	6	230.0	79	1	G	0	3.0	3	4	4	1	1	3/8	True	0	20	58	20	20b	5	230	False	True				False	225	i(9)		G	vi		i(9)	i			9		m	False	True	(0, -3, 1)	(2,)	0	0	major	minor	vi	vi, major	i		vi	vi	True	i	i, minor		i(9), minor		i	i	1		1	4	4	1	1	G	G	E	E	minor triad	0	True	True	True	True	True	0	-3	-3	True	False	False
922	2	230.5	54	6	F	1	3.5	0	4	4	3	1	1/8	True	0	20	58	20	20b	3	461/2	False	False				False	225	i(9)		G	vi		i(9)	i			9		m	False	True	(0, -3, 1)	(2,)	0	0	major	minor	vi	vi, major	i		vi	vi	True	i	i, minor		i(9), minor		i	i	1		1	4	4	1	1	G	G	E	E	minor triad	0	True	True	True	True	True	5	2	2	False	False	False
922	2	230.5	71	5	B	0	3.5	0	4	4	2	1	1/8	True	0	20	58	20	20b	4	461/2	False	False				False	225	i(9)		G	vi		i(9)	i			9		m	False	True	(0, -3, 1)	(2,)	0	0	major	minor	vi	vi, major	i		vi	vi	True	i	i, minor		i(9), minor		i	i	1		1	4	4	1	1	G	G	E	E	minor triad	0	True	True	True	True	True	4	1	1	True	False	False
924	2	231.0	55	1	G	0	4.0	4	4	4	3	1	1/8	True	0	20	58	20	20b	3	231	False	True				False	226	i		G	vi		i	i					m	False	True	(0, -3, 1)	()	0	0	major	minor	vi	vi, major	i		vi	vi	True	i	i, minor		i, minor		i	i	1		1	4	4	1	1	G	G	E	E	minor triad	0	True	True	True	True	True	0	-3	-3	True	False	False
924	4	231.0	76	4	E	0	4.0	4	4	4	2	1	1/4	True	0	20	58	20	20b	5	231	False	True				False	226	i		G	vi		i	i					m	False	True	(0, -3, 1)	()	0	0	major	minor	vi	vi, major	i		vi	vi	True	i	i, minor		i, minor		i	i	1		1	4	4	1	1	G	G	E	E	minor triad	0	True	True	True	True	True	3	0	0	True	True	True
926	2	231.5	52	4	E	0	4.5	0	4	4	3	1	1/8	True	0	20	58	20	20b	3	463/2	False	True				False	227	VI		G	vi		VI	VI					M	False	True	(-4, 0, -3)	()	-4	-4	major	minor	vi	vi, major	VI		vi	vi	True	VI	VI, minor		VI, minor		VI	VI	6		1	4	4	-3	-3	Eb	Eb	E	E	major triad	0	True	True	True	True	True	3	0	0	True	False	False
926	2	231.5	52	4	E	0	4.5	0	4	4	4	1	1/8	True	0	20	58	20	20b	3	463/2	False	True				False	227	VI		G	vi		VI	VI					M	False	True	(-4, 0, -3)	()	-4	-4	major	minor	vi	vi, major	VI		vi	vi	True	VI	VI, minor		VI, minor		VI	VI	6		1	4	4	-3	-3	Eb	Eb	E	E	major triad	0	True	True	True	True	True	3	0	0	True	False	False
926	1	231.5	81	3	A	0	4.5	0	4	4	1	1	1/16	True	0	20	58	20	20b	5	463/2	False	True				False	227	VI		G	vi		VI	VI					M	False	True	(-4, 0, -3)	()	-4	-4	major	minor	vi	vi, major	VI		vi	vi	True	VI	VI, minor		VI, minor		VI	VI	6		1	4	4	-3	-3	Eb	Eb	E	E	major triad	0	True	True	True	True	True	2	-1	-1	False	False	False
927	1	231.75	79	1	G	0	4.75	0	4	4	1	1	1/16	True	0	20	58	20	20b	5	927/4	False	False				False	227	VI		G	vi		VI	VI					M	False	True	(-4, 0, -3)	()	-4	-4	major	minor	vi	vi, major	VI		vi	vi	True	VI	VI, minor		VI, minor		VI	VI	6		1	4	4	-3	-3	Eb	Eb	E	E	major triad	0	True	True	True	True	True	0	-3	-3	True	False	False
928	2	232.0	57	3	A	0	1.0	1	4	4	3	1	1/8	True	0	21	59	21	21b	3	232	False	True				False	228	ii%65		G	vi		ii%65	ii	%	65			%7	False	True	(-1, -4, 0, 2)	()	2	-1	major	minor	vi	vi, major	ii		vi	vi	True	ii%65	ii%65, minor		ii%65, minor		ii	ii%7	2		1	4	4	3	0	A	C	E	E	half-diminished seventh chord	1	True	True	True	True	True	2	-1	-1	True	False	True
928	2	232.0	57	3	A	0	1.0	1	4	4	4	1	1/8	True	0	21	59	21	21b	3	232	False	True				False	228	ii%65		G	vi		ii%65	ii	%	65			%7	False	True	(-1, -4, 0, 2)	()	2	-1	major	minor	vi	vi, major	ii		vi	vi	True	ii%65	ii%65, minor		ii%65, minor		ii	ii%7	2		1	4	4	3	0	A	C	E	E	half-diminished seventh chord	1	True	True	True	True	True	2	-1	-1	True	False	True
928	4	232.0	76	4	E	0	1.0	1	4	4	2	1	1/4	False	0	21	59	21	21b	5	232	False	True				False	228	ii%65		G	vi		ii%65	ii	%	65			%7	False	True	(-1, -4, 0, 2)	()	2	-1	major	minor	vi	vi, major	ii		vi	vi	True	ii%65	ii%65, minor		ii%65, minor		ii	ii%7	2		1	4	4	3	0	A	C	E	E	half-diminished seventh chord	1	True	True	True	True	True	3	0	0	True	False	False
928	1	232.0	78	6	F	1	1.0	1	4	4	1	1	1/16	True	0	21	59	21	21b	5	232	False	True				False	228	ii%65		G	vi		ii%65	ii	%	65			%7	False	True	(-1, -4, 0, 2)	()	2	-1	major	minor	vi	vi, major	ii		vi	vi	True	ii%65	ii%65, minor		ii%65, minor		ii	ii%7	2		1	4	4	3	0	A	C	E	E	half-diminished seventh chord	1	True	True	True	True	True	5	2	2	True	True	False
929	1	232.25	79	1	G	0	1.25	0	4	4	1	1	1/16	True	0	21	59	21	21b	5	929/4	False	False				False	228	ii%65		G	vi		ii%65	ii	%	65			%7	False	True	(-1, -4, 0, 2)	()	2	-1	major	minor	vi	vi, major	ii		vi	vi	True	ii%65	ii%65, minor		ii%65, minor		ii	ii%7	2		1	4	4	3	0	A	C	E	E	half-diminished seventh chord	1	True	True	True	True	True	0	-3	-3	False	False	False
930	2	232.5	54	6	F	1	1.5	0	4	4	3	1	1/8	True	0	21	59	21	21b	3	465/2	False	False				False	228	ii%65		G	vi		ii%65	ii	%	65			%7	False	True	(-1, -4, 0, 2)	()	2	-1	major	minor	vi	vi, major	ii		vi	vi	True	ii%65	ii%65, minor		ii%65, minor		ii	ii%7	2		1	4	4	3	0	A	C	E	E	half-diminished seventh chord	1	True	True	True	True	True	5	2	2	True	True	False
930	2	232.5	54	6	F	1	1.5	0	4	4	4	1	1/8	True	0	21	59	21	21b	3	465/2	False	False				False	228	ii%65		G	vi		ii%65	ii	%	65			%7	False	True	(-1, -4, 0, 2)	()	2	-1	major	minor	vi	vi, major	ii		vi	vi	True	ii%65	ii%65, minor		ii%65, minor		ii	ii%7	2		1	4	4	3	0	A	C	E	E	half-diminished seventh chord	1	True	True	True	True	True	5	2	2	True	True	False
930	1	232.5	81	3	A	0	1.5	0	4	4	1	1	1/16	True	0	21	59	21	21b	5	465/2	False	False				False	228	ii%65		G	vi		ii%65	ii	%	65			%7	False	True	(-1, -4, 0, 2)	()	2	-1	major	minor	vi	vi, major	ii		vi	vi	True	ii%65	ii%65, minor		ii%65, minor		ii	ii%7	2		1	4	4	3	0	A	C	E	E	half-diminished seventh chord	1	True	True	True	True	True	2	-1	-1	True	False	True
931	1	232.75	79	1	G	0	1.75	0	4	4	1	1	1/16	True	0	21	59	21	21b	5	931/4	False	False				False	228	ii%65		G	vi		ii%65	ii	%	65			%7	False	True	(-1, -4, 0, 2)	()	2	-1	major	minor	vi	vi, major	ii		vi	vi	True	ii%65	ii%65, minor		ii%65, minor		ii	ii%7	2		1	4	4	3	0	A	C	E	E	half-diminished seventh chord	1	True	True	True	True	True	0	-3	-3	False	False	False
932	2	233.0	59	5	B	0	2.0	2	4	4	3	1	1/8	True	0	21	59	21	21b	3	233	False	True				False	229	V		G	vi		V	V					M	False	True	(1, 5, 2)	()	1	1	major	minor	vi	vi, major	V		vi	vi	True	V	V, minor		V, minor		V	V	5		1	4	4	2	2	D	D	E	E	major triad	0	True	True	True	True	True	4	1	1	True	True	True
932	2	233.0	59	5	B	0	2.0	2	4	4	4	1	1/8	True	0	21	59	21	21b	3	233	False	True				False	229	V		G	vi		V	V					M	False	True	(1, 5, 2)	()	1	1	major	minor	vi	vi, major	V		vi	vi	True	V	V, minor		V, minor		V	V	5		1	4	4	2	2	D	D	E	E	major triad	0	True	True	True	True	True	4	1	1	True	True	True
932	4	233.0	75	9	D	1	2.0	2	4	4	2	1	1/4	True	0	21	59	21	21b	5	233	False	True				False	229	V		G	vi		V	V					M	False	True	(1, 5, 2)	()	1	1	major	minor	vi	vi, major	V		vi	vi	True	V	V, minor		V, minor		V	V	5		1	4	4	2	2	D	D	E	E	major triad	0	True	True	True	True	True	8	5	5	True	False	False
932	4	233.0	78	6	F	1	2.0	2	4	4	1	1	1/4	True	0	21	59	21	21b	5	233	False	True				False	229	V		G	vi		V	V					M	False	True	(1, 5, 2)	()	1	1	major	minor	vi	vi, major	V		vi	vi	True	V	V, minor		V, minor		V	V	5		1	4	4	2	2	D	D	E	E	major triad	0	True	True	True	True	True	5	2	2	True	False	False
934	2	233.5	47	5	B	0	2.5	0	4	4	3	1	1/8	True	0	21	59	21	21b	2	467/2	False	False				False	229	V		G	vi		V	V					M	False	True	(1, 5, 2)	()	1	1	major	minor	vi	vi, major	V		vi	vi	True	V	V, minor		V, minor		V	V	5		1	4	4	2	2	D	D	E	E	major triad	0	True	True	True	True	True	4	1	1	True	True	True
934	2	233.5	47	5	B	0	2.5	0	4	4	4	1	1/8	True	0	21	59	21	21b	2	467/2	False	False				False	229	V		G	vi		V	V					M	False	True	(1, 5, 2)	()	1	1	major	minor	vi	vi, major	V		vi	vi	True	V	V, minor		V, minor		V	V	5		1	4	4	2	2	D	D	E	E	major triad	0	True	True	True	True	True	4	1	1	True	True	True
936	4	234.0	52	4	E	0	3.0	3	4	4	3	1	1/4	True	0	21	59	21	21b	3	234	False	True	PAC	PAC	}	True	230	i|PAC}		G	vi		i	i					m	False	True	(0, -3, 1)	()	0	0	major	minor	vi	vi, major	i		vi	vi	True	i	i, minor		i, minor		i	i	1		1	4	4	1	1	G	G	E	E	minor triad	0	True	True	True	True	True	3	0	0	True	True	True
936	4	234.0	52	4	E	0	3.0	3	4	4	4	1	1/4	True	0	21	59	21	21b	3	234	False	True	PAC	PAC	}	True	230	i|PAC}		G	vi		i	i					m	False	True	(0, -3, 1)	()	0	0	major	minor	vi	vi, major	i		vi	vi	True	i	i, minor		i, minor		i	i	1		1	4	4	1	1	G	G	E	E	minor triad	0	True	True	True	True	True	3	0	0	True	True	True
936	2	234.0	76	4	E	0	3.0	3	4	4	1	1	1/8	True	0	21	59	21	21b	5	234	False	True	PAC	PAC	}	True	230	i|PAC}		G	vi		i	i					m	False	True	(0, -3, 1)	()	0	0	major	minor	vi	vi, major	i		vi	vi	True	i	i, minor		i, minor		i	i	1		1	4	4	1	1	G	G	E	E	minor triad	0	True	True	True	True	True	3	0	0	True	True	True
936	4	234.0	76	4	E	0	3.0	3	4	4	2	1	1/4	True	0	21	59	21	21b	5	234	False	True	PAC	PAC	}	True	230	i|PAC}		G	vi		i	i					m	False	True	(0, -3, 1)	()	0	0	major	minor	vi	vi, major	i		vi	vi	True	i	i, minor		i, minor		i	i	1		1	4	4	1	1	G	G	E	E	minor triad	0	True	True	True	True	True	3	0	0	True	True	True
938	2	234.5	71	5	B	0	3.5	0	4	4	1	1	1/8	True	0	21	59	21	21b	4	469/2	False	False				False	230	i|PAC}		G	vi		i	i					m	False	True	(0, -3, 1)	()	0	0	major	minor	vi	vi, major	i		vi	vi	True	i	i, minor		i, minor		i	i	1		1	4	4	1	1	G	G	E	E	minor triad	0	True	True	True	True	True	4	1	1	True	False	False
940	4	235.0	64	4	E	0	4.0	4	4	4	2	1	1/4	True	0	21	59	21	21b	4	235	False	False			{	False	231	{		G	vi		i	i					m	False	True	()	()	0	0	major	minor	vi	vi, major	i		vi	vi	True		, minor		i, minor		i	i	1		1	4	4	1	1	G	G	E	E	None	0	False	True	True	True	True	3	0	0	False	True	True
940	2	235.0	67	1	G	0	4.0	4	4	4	1	1	1/8	True	0	21	59	21	21b	4	235	False	False			{	False	231	{		G	vi		i	i					m	False	True	()	()	0	0	major	minor	vi	vi, major	i		vi	vi	True		, minor		i, minor		i	i	1		1	4	4	1	1	G	G	E	E	None	0	False	True	True	True	True	0	-3	-3	False	False	False
942	2	235.5	43	1	G	0	4.5	0	4	4	3	1	1/8	True	0	21	59	21	21b	2	471/2	False	True				False	232	i6		G	vi		i6	i		6			m	False	True	(-3, 1, 0)	()	0	-3	major	minor	vi	vi, major	i		vi	vi	True	i6	i6, minor		i6, minor		i	i	1		1	4	4	1	-2	G	Bb	E	E	minor triad	1	True	True	True	True	True	0	-3	-3	True	False	True
942	2	235.5	43	1	G	0	4.5	0	4	4	4	1	1/8	True	0	21	59	21	21b	2	471/2	False	True				False	232	i6		G	vi		i6	i		6			m	False	True	(-3, 1, 0)	()	0	-3	major	minor	vi	vi, major	i		vi	vi	True	i6	i6, minor		i6, minor		i	i	1		1	4	4	1	-2	G	Bb	E	E	minor triad	1	True	True	True	True	True	0	-3	-3	True	False	True
942	2	235.5	64	4	E	0	4.5	0	4	4	1	1	1/8	True	0	21	59	21	21b	4	471/2	False	True				False	232	i6		G	vi		i6	i		6			m	False	True	(-3, 1, 0)	()	0	-3	major	minor	vi	vi, major	i		vi	vi	True	i6	i6, minor		i6, minor		i	i	1		1	4	4	1	-2	G	Bb	E	E	minor triad	1	True	True	True	True	True	3	0	0	True	True	False
944	6	236.0	45	3	A	0	1.0	1	4	4	3	1	3/8	True	0	22	60	22	22b	2	236	False	True				False	233	iv		G	vi		iv	iv					m	False	True	(-1, -4, 0)	()	-1	-1	major	minor	vi	vi, major	iv		vi	vi	True	iv	iv, minor		iv, minor		iv	iv	4		1	4	4	0	0	C	C	E	E	minor triad	0	True	True	True	True	True	2	-1	-1	True	True	True
944	6	236.0	45	3	A	0	1.0	1	4	4	4	1	3/8	True	0	22	60	22	22b	2	236	False	True				False	233	iv		G	vi		iv	iv					m	False	True	(-1, -4, 0)	()	-1	-1	major	minor	vi	vi, major	iv		vi	vi	True	iv	iv, minor		iv, minor		iv	iv	4		1	4	4	0	0	C	C	E	E	minor triad	0	True	True	True	True	True	2	-1	-1	True	True	True
944	2	236.0	60	0	C	0	1.0	1	4	4	1	1	1/8	True	0	22	60	22	22b	4	236	False	True				False	233	iv		G	vi		iv	iv					m	False	True	(-1, -4, 0)	()	-1	-1	major	minor	vi	vi, major	iv		vi	vi	True	iv	iv, minor		iv, minor		iv	iv	4		1	4	4	0	0	C	C	E	E	minor triad	0	True	True	True	True	True	-1	-4	-4	True	False	False
944	2	236.0	64	4	E	0	1.0	1	4	4	2	1	1/8	False	0	22	60	22	22b	4	236	False	True				False	233	iv		G	vi		iv	iv					m	False	True	(-1, -4, 0)	()	-1	-1	major	minor	vi	vi, major	iv		vi	vi	True	iv	iv, minor		iv, minor		iv	iv	4		1	4	4	0	0	C	C	E	E	minor triad	0	True	True	True	True	True	3	0	0	True	False	False
946	2	236.5	64	4	E	0	1.5	0	4	4	2	1	1/8	True	0	22	60	22	22b	4	473/2	False	False				False	233	iv		G	vi		iv	iv					m	False	True	(-1, -4, 0)	()	-1	-1	major	minor	vi	vi, major	iv		vi	vi	True	iv	iv, minor		iv, minor		iv	iv	4		1	4	4	0	0	C	C	E	E	minor triad	0	True	True	True	True	True	3	0	0	True	False	False
946	2	236.5	72	0	C	0	1.5	0	4	4	1	1	1/8	True	0	22	60	22	22b	5	473/2	False	False				False	233	iv		G	vi		iv	iv					m	False	True	(-1, -4, 0)	()	-1	-1	major	minor	vi	vi, major	iv		vi	vi	True	iv	iv, minor		iv, minor		iv	iv	4		1	4	4	0	0	C	C	E	E	minor triad	0	True	True	True	True	True	-1	-4	-4	True	False	False
948	6	237.0	66	6	F	1	2.0	2	4	4	2	1	3/8	True	0	22	60	22	22b	4	237	False	True				False	234	iio6		G	vi		iio6	ii	o	6			o	False	True	(-1, -4, 2)	()	2	-1	major	minor	vi	vi, major	ii		vi	vi	True	iio6	iio6, minor		iio6, minor		ii	iio	2		1	4	4	3	0	A	C	E	E	diminished triad	1	True	True	True	True	True	5	2	2	True	True	False
948	1	237.0	69	3	A	0	2.0	2	4	4	1	1	1/16	True	0	22	60	22	22b	4	237	False	True				False	234	iio6		G	vi		iio6	ii	o	6			o	False	True	(-1, -4, 2)	()	2	-1	major	minor	vi	vi, major	ii		vi	vi	True	iio6	iio6, minor		iio6, minor		ii	iio	2		1	4	4	3	0	A	C	E	E	diminished triad	1	True	True	True	True	True	2	-1	-1	True	False	True
949	1	237.25	67	1	G	0	2.25	0	4	4	1	1	1/16	True	0	22	60	22	22b	4	949/4	False	False				False	234	iio6		G	vi		iio6	ii	o	6			o	False	True	(-1, -4, 2)	()	2	-1	major	minor	vi	vi, major	ii		vi	vi	True	iio6	iio6, minor		iio6, minor		ii	iio	2		1	4	4	3	0	A	C	E	E	diminished triad	1	True	True	True	True	True	0	-3	-3	False	False	False
950	2	237.5	45	3	A	0	2.5	0	4	4	3	1	1/8	True	0	22	60	22	22b	2	475/2	False	False				False	234	iio6		G	vi		iio6	ii	o	6			o	False	True	(-1, -4, 2)	()	2	-1	major	minor	vi	vi, major	ii		vi	vi	True	iio6	iio6, minor		iio6, minor		ii	iio	2		1	4	4	3	0	A	C	E	E	diminished triad	1	True	True	True	True	True	2	-1	-1	True	False	True
950	2	237.5	45	3	A	0	2.5	0	4	4	4	1	1/8	True	0	22	60	22	22b	2	475/2	False	False				False	234	iio6		G	vi		iio6	ii	o	6			o	False	True	(-1, -4, 2)	()	2	-1	major	minor	vi	vi, major	ii		vi	vi	True	iio6	iio6, minor		iio6, minor		ii	iio	2		1	4	4	3	0	A	C	E	E	diminished triad	1	True	True	True	True	True	2	-1	-1	True	False	True
950	1	237.5	66	6	F	1	2.5	0	4	4	1	1	1/16	True	0	22	60	22	22b	4	475/2	False	False				False	234	iio6		G	vi		iio6	ii	o	6			o	False	True	(-1, -4, 2)	()	2	-1	major	minor	vi	vi, major	ii		vi	vi	True	iio6	iio6, minor		iio6, minor		ii	iio	2		1	4	4	3	0	A	C	E	E	diminished triad	1	True	True	True	True	True	5	2	2	True	True	False
951	1	237.75	64	4	E	0	2.75	0	4	4	1	1	1/16	True	0	22	60	22	22b	4	951/4	False	False				False	234	iio6		G	vi		iio6	ii	o	6			o	False	True	(-1, -4, 2)	()	2	-1	major	minor	vi	vi, major	ii		vi	vi	True	iio6	iio6, minor		iio6, minor		ii	iio	2		1	4	4	3	0	A	C	E	E	diminished triad	1	True	True	True	True	True	3	0	0	False	False	False
952	6	238.0	47	5	B	0	3.0	3	4	4	3	1	3/8	True	0	22	60	22	22b	2	238	False	True				False	235	I.iii		G	I		iii	iii					m	False	False	(4, 1, 5)	()	4	4	major	major	I	I, major	iii		I	I	False	iii	iii, major		iii, major		iii	iii	3		1	1	1	5	5	B	B	G	G	minor triad	0	True	True	True	True	True	4	4	4	True	True	True
952	6	238.0	47	5	B	0	3.0	3	4	4	4	1	3/8	True	0	22	60	22	22b	2	238	False	True				False	235	I.iii		G	I		iii	iii					m	False	False	(4, 1, 5)	()	4	4	major	major	I	I, major	iii		I	I	False	iii	iii, major		iii, major		iii	iii	3		1	1	1	5	5	B	B	G	G	minor triad	0	True	True	True	True	True	4	4	4	True	True	True
952	2	238.0	62	2	D	0	3.0	3	4	4	1	1	1/8	True	0	22	60	22	22b	4	238	False	True				False	235	I.iii		G	I		iii	iii					m	False	False	(4, 1, 5)	()	4	4	major	major	I	I, major	iii		I	I	False	iii	iii, major		iii, major		iii	iii	3		1	1	1	5	5	B	B	G	G	minor triad	0	True	True	True	True	True	1	1	1	True	False	False
954	2	238.5	66	6	F	1	3.5	0	4	4	2	1	1/8	True	0	22	60	22	22b	4	477/2	False	False				False	235	I.iii		G	I		iii	iii					m	False	False	(4, 1, 5)	()	4	4	major	major	I	I, major	iii		I	I	False	iii	iii, major		iii, major		iii	iii	3		1	1	1	5	5	B	B	G	G	minor triad	0	True	True	True	True	True	5	5	5	True	False	False
954	2	238.5	74	2	D	0	3.5	0	4	4	1	1	1/8	True	0	22	60	22	22b	5	477/2	False	False				False	235	I.iii		G	I		iii	iii					m	False	False	(4, 1, 5)	()	4	4	major	major	I	I, major	iii		I	I	False	iii	iii, major		iii, major		iii	iii	3		1	1	1	5	5	B	B	G	G	minor triad	0	True	True	True	True	True	1	1	1	True	False	False
956	4	239.0	67	1	G	0	4.0	4	4	4	2	1	1/4	True	0	22	60	22	22b	4	239	False	True				False	236	i6		G	I		i6	i		6			m	False	False	(-3, 1, 0)	()	0	-3	major	major	I	I, major	i		I	I	False	i6	i6, major		i6, major		i	i	1		1	1	1	1	-2	G	Bb	G	G	minor triad	1	True	True	True	True	True	0	0	0	True	True	False
956	2	239.0	71	5	B	0	4.0	4	4	4	1	1	1/8	True	0	22	60	22	22b	4	239	False	True				False	236	i6		G	I		i6	i		6			m	False	False	(-3, 1, 0)	()	0	-3	major	major	I	I, major	i		I	I	False	i6	i6, major		i6, major		i	i	1		1	1	1	1	-2	G	Bb	G	G	minor triad	1	True	True	True	True	True	4	4	4	False	False	False
958	2	239.5	47	5	B	0	4.5	0	4	4	3	1	1/8	True	0	22	60	22	22b	2	479/2	False	False				False	236	i6		G	I		i6	i		6			m	False	False	(-3, 1, 0)	()	0	-3	major	major	I	I, major	i		I	I	False	i6	i6, major		i6, major		i	i	1		1	1	1	1	-2	G	Bb	G	G	minor triad	1	True	True	True	True	True	4	4	4	False	False	False
958	2	239.5	47	5	B	0	4.5	0	4	4	4	1	1/8	True	0	22	60	22	22b	2	479/2	False	False				False	236	i6		G	I		i6	i		6			m	False	False	(-3, 1, 0)	()	0	-3	major	major	I	I, major	i		I	I	False	i6	i6, major		i6, major		i	i	1		1	1	1	1	-2	G	Bb	G	G	minor triad	1	True	True	True	True	True	4	4	4	False	False	False
958	2	239.5	67	1	G	0	4.5	0	4	4	1	1	1/8	True	0	22	60	22	22b	4	479/2	False	False				False	236	i6		G	I		i6	i		6			m	False	False	(-3, 1, 0)	()	0	-3	major	major	I	I, major	i		I	I	False	i6	i6, major		i6, major		i	i	1		1	1	1	1	-2	G	Bb	G	G	minor triad	1	True	True	True	True	True	0	0	0	True	True	False
960	6	240.0	48	0	C	0	1.0	1	4	4	3	1	3/8	True	0	23	61	23	23b	3	240	False	True				False	237	IV		G	I		IV	IV					M	False	False	(-1, 3, 0)	()	-1	-1	major	major	I	I, major	IV		I	I	False	IV	IV, major		IV, major		IV	IV	4		1	1	1	0	0	C	C	G	G	major triad	0	True	True	True	True	True	-1	-1	-1	True	True	True
960	6	240.0	48	0	C	0	1.0	1	4	4	4	1	3/8	True	0	23	61	23	23b	3	240	False	True				False	237	IV		G	I		IV	IV					M	False	False	(-1, 3, 0)	()	-1	-1	major	major	I	I, major	IV		I	I	False	IV	IV, major		IV, major		IV	IV	4		1	1	1	0	0	C	C	G	G	major triad	0	True	True	True	True	True	-1	-1	-1	True	True	True
960	2	240.0	64	4	E	0	1.0	1	4	4	1	1	1/8	True	0	23	61	23	23b	4	240	False	True				False	237	IV		G	I		IV	IV					M	False	False	(-1, 3, 0)	()	-1	-1	major	major	I	I, major	IV		I	I	False	IV	IV, major		IV, major		IV	IV	4		1	1	1	0	0	C	C	G	G	major triad	0	True	True	True	True	True	3	3	3	True	False	False
960	2	240.0	67	1	G	0	1.0	1	4	4	2	1	1/8	False	0	23	61	23	23b	4	240	False	True				False	237	IV		G	I		IV	IV					M	False	False	(-1, 3, 0)	()	-1	-1	major	major	I	I, major	IV		I	I	False	IV	IV, major		IV, major		IV	IV	4		1	1	1	0	0	C	C	G	G	major triad	0	True	True	True	True	True	0	0	0	True	False	False
962	2	240.5	67	1	G	0	1.5	0	4	4	2	1	1/8	True	0	23	61	23	23b	4	481/2	False	False				False	237	IV		G	I		IV	IV					M	False	False	(-1, 3, 0)	()	-1	-1	major	major	I	I, major	IV		I	I	False	IV	IV, major		IV, major		IV	IV	4		1	1	1	0	0	C	C	G	G	major triad	0	True	True	True	True	True	0	0	0	True	False	False
962	2	240.5	76	4	E	0	1.5	0	4	4	1	1	1/8	True	0	23	61	23	23b	5	481/2	False	False				False	237	IV		G	I		IV	IV					M	False	False	(-1, 3, 0)	()	-1	-1	major	major	I	I, major	IV		I	I	False	IV	IV, major		IV, major		IV	IV	4		1	1	1	0	0	C	C	G	G	major triad	0	True	True	True	True	True	3	3	3	True	False	False
964	6	241.0	69	3	A	0	2.0	2	4	4	2	1	3/8	True	0	23	61	23	23b	4	241	False	True				False	238	ii6		G	I		ii6	ii		6			m	False	False	(-1, 3, 2)	()	2	-1	major	major	I	I, major	ii		I	I	False	ii6	ii6, major		ii6, major		ii	ii	2		1	1	1	3	0	A	C	G	G	minor triad	1	True	True	True	True	True	2	2	2	True	True	False
964	1	241.0	72	0	C	0	2.0	2	4	4	1	1	1/16	True	0	23	61	23	23b	5	241	False	True				False	238	ii6		G	I		ii6	ii		6			m	False	False	(-1, 3, 2)	()	2	-1	major	major	I	I, major	ii		I	I	False	ii6	ii6, major		ii6, major		ii	ii	2		1	1	1	3	0	A	C	G	G	minor triad	1	True	True	True	True	True	-1	-1	-1	True	False	True
965	1	241.25	71	5	B	0	2.25	0	4	4	1	1	1/16	True	0	23	61	23	23b	4	965/4	False	False				False	238	ii6		G	I		ii6	ii		6			m	False	False	(-1, 3, 2)	()	2	-1	major	major	I	I, major	ii		I	I	False	ii6	ii6, major		ii6, major		ii	ii	2		1	1	1	3	0	A	C	G	G	minor triad	1	True	True	True	True	True	4	4	4	False	False	False
966	2	241.5	48	0	C	0	2.5	0	4	4	3	1	1/8	True	0	23	61	23	23b	3	483/2	False	False				False	238	ii6		G	I		ii6	ii		6			m	False	False	(-1, 3, 2)	()	2	-1	major	major	I	I, major	ii		I	I	False	ii6	ii6, major		ii6, major		ii	ii	2		1	1	1	3	0	A	C	G	G	minor triad	1	True	True	True	True	True	-1	-1	-1	True	False	True
966	2	241.5	48	0	C	0	2.5	0	4	4	4	1	1/8	True	0	23	61	23	23b	3	483/2	False	False				False	238	ii6		G	I		ii6	ii		6			m	False	False	(-1, 3, 2)	()	2	-1	major	major	I	I, major	ii		I	I	False	ii6	ii6, major		ii6, major		ii	ii	2		1	1	1	3	0	A	C	G	G	minor triad	1	True	True	True	True	True	-1	-1	-1	True	False	True
966	1	241.5	69	3	A	0	2.5	0	4	4	1	1	1/16	True	0	23	61	23	23b	4	483/2	False	False				False	238	ii6		G	I		ii6	ii		6			m	False	False	(-1, 3, 2)	()	2	-1	major	major	I	I, major	ii		I	I	False	ii6	ii6, major		ii6, major		ii	ii	2		1	1	1	3	0	A	C	G	G	minor triad	1	True	True	True	True	True	2	2	2	True	True	False
967	1	241.75	67	1	G	0	2.75	0	4	4	1	1	1/16	True	0	23	61	23	23b	4	967/4	False	False				False	238	ii6		G	I		ii6	ii		6			m	False	False	(-1, 3, 2)	()	2	-1	major	major	I	I, major	ii		I	I	False	ii6	ii6, major		ii6, major		ii	ii	2		1	1	1	3	0	A	C	G	G	minor triad	1	True	True	True	True	True	0	0	0	False	False	False
968	6	242.0	50	2	D	0	3.0	3	4	4	3	1	3/8	True	0	23	61	23	23b	3	242	False	True				False	239	V		G	I		V	V					M	False	False	(1, 5, 2)	()	1	1	major	major	I	I, major	V		I	I	False	V	V, major		V, major		V	V	5		1	1	1	2	2	D	D	G	G	major triad	0	True	True	True	True	True	1	1	1	True	True	True
968	6	242.0	50	2	D	0	3.0	3	4	4	4	1	3/8	True	0	23	61	23	23b	3	242	False	True				False	239	V		G	I		V	V					M	False	False	(1, 5, 2)	()	1	1	major	major	I	I, major	V		I	I	False	V	V, major		V, major		V	V	5		1	1	1	2	2	D	D	G	G	major triad	0	True	True	True	True	True	1	1	1	True	True	True
968	2	242.0	66	6	F	1	3.0	3	4	4	1	1	1/8	True	0	23	61	23	23b	4	242	False	True				False	239	V		G	I		V	V					M	False	False	(1, 5, 2)	()	1	1	major	major	I	I, major	V		I	I	False	V	V, major		V, major		V	V	5		1	1	1	2	2	D	D	G	G	major triad	0	True	True	True	True	True	5	5	5	True	False	False
970	2	242.5	69	3	A	0	3.5	0	4	4	2	1	1/8	True	0	23	61	23	23b	4	485/2	False	False				False	239	V		G	I		V	V					M	False	False	(1, 5, 2)	()	1	1	major	major	I	I, major	V		I	I	False	V	V, major		V, major		V	V	5		1	1	1	2	2	D	D	G	G	major triad	0	True	True	True	True	True	2	2	2	True	False	False
970	2	242.5	78	6	F	1	3.5	0	4	4	1	1	1/8	True	0	23	61	23	23b	5	485/2	False	False				False	239	V		G	I		V	V					M	False	False	(1, 5, 2)	()	1	1	major	major	I	I, major	V		I	I	False	V	V, major		V, major		V	V	5		1	1	1	2	2	D	D	G	G	major triad	0	True	True	True	True	True	5	5	5	True	False	False
972	4	243.0	71	5	B	0	4.0	4	4	4	2	1	1/4	True	0	23	61	23	23b	4	243	False	True				False	240	iii6		G	I		iii6	iii		6			m	False	False	(1, 5, 4)	()	4	1	major	major	I	I, major	iii		I	I	False	iii6	iii6, major		iii6, major		iii	iii	3		1	1	1	5	2	B	D	G	G	minor triad	1	True	True	True	True	True	4	4	4	True	True	False
972	2	243.0	74	2	D	0	4.0	4	4	4	1	1	1/8	True	0	23	61	23	23b	5	243	False	True				False	240	iii6		G	I		iii6	iii		6			m	False	False	(1, 5, 4)	()	4	1	major	major	I	I, major	iii		I	I	False	iii6	iii6, major		iii6, major		iii	iii	3		1	1	1	5	2	B	D	G	G	minor triad	1	True	True	True	True	True	1	1	1	True	False	True
974	2	243.5	50	2	D	0	4.5	0	4	4	3	1	1/8	True	0	23	61	23	23b	3	487/2	False	False				False	240	iii6		G	I		iii6	iii		6			m	False	False	(1, 5, 4)	()	4	1	major	major	I	I, major	iii		I	I	False	iii6	iii6, major		iii6, major		iii	iii	3		1	1	1	5	2	B	D	G	G	minor triad	1	True	True	True	True	True	1	1	1	True	False	True
974	2	243.5	50	2	D	0	4.5	0	4	4	4	1	1/8	True	0	23	61	23	23b	3	487/2	False	False				False	240	iii6		G	I		iii6	iii		6			m	False	False	(1, 5, 4)	()	4	1	major	major	I	I, major	iii		I	I	False	iii6	iii6, major		iii6, major		iii	iii	3		1	1	1	5	2	B	D	G	G	minor triad	1	True	True	True	True	True	1	1	1	True	False	True
974	2	243.5	71	5	B	0	4.5	0	4	4	1	1	1/8	True	0	23	61	23	23b	4	487/2	False	False				False	240	iii6		G	I		iii6	iii		6			m	False	False	(1, 5, 4)	()	4	1	major	major	I	I, major	iii		I	I	False	iii6	iii6, major		iii6, major		iii	iii	3		1	1	1	5	2	B	D	G	G	minor triad	1	True	True	True	True	True	4	4	4	True	True	False
976	6	244.0	52	4	E	0	1.0	1	4	4	3	1	3/8	True	0	24	62	24	24b	3	244	False	True				False	241	vi		G	I		vi	vi					m	False	False	(3, 0, 4)	()	3	3	major	major	I	I, major	vi		I	I	False	vi	vi, major		vi, major		vi	vi	6		1	1	1	4	4	E	E	G	G	minor triad	0	True	True	True	True	True	3	3	3	True	True	True
976	6	244.0	52	4	E	0	1.0	1	4	4	4	1	3/8	True	0	24	62	24	24b	3	244	False	True				False	241	vi		G	I		vi	vi					m	False	False	(3, 0, 4)	()	3	3	major	major	I	I, major	vi		I	I	False	vi	vi, major		vi, major		vi	vi	6		1	1	1	4	4	E	E	G	G	minor triad	0	True	True	True	True	True	3	3	3	True	True	True
976	2	244.0	67	1	G	0	1.0	1	4	4	1	1	1/8	True	0	24	62	24	24b	4	244	False	True				False	241	vi		G	I		vi	vi					m	False	False	(3, 0, 4)	()	3	3	major	major	I	I, major	vi		I	I	False	vi	vi, major		vi, major		vi	vi	6		1	1	1	4	4	E	E	G	G	minor triad	0	True	True	True	True	True	0	0	0	True	False	False
976	2	244.0	71	5	B	0	1.0	1	4	4	2	1	1/8	False	0	24	62	24	24b	4	244	False	True				False	241	vi		G	I		vi	vi					m	False	False	(3, 0, 4)	()	3	3	major	major	I	I, major	vi		I	I	False	vi	vi, major		vi, major		vi	vi	6		1	1	1	4	4	E	E	G	G	minor triad	0	True	True	True	True	True	4	4	4	True	False	False
978	2	244.5	71	5	B	0	1.5	0	4	4	2	1	1/8	True	0	24	62	24	24b	4	489/2	False	False				False	241	vi		G	I		vi	vi					m	False	False	(3, 0, 4)	()	3	3	major	major	I	I, major	vi		I	I	False	vi	vi, major		vi, major		vi	vi	6		1	1	1	4	4	E	E	G	G	minor triad	0	True	True	True	True	True	4	4	4	True	False	False
978	2	244.5	79	1	G	0	1.5	0	4	4	1	1	1/8	True	0	24	62	24	24b	5	489/2	False	False				False	241	vi		G	I		vi	vi					m	False	False	(3, 0, 4)	()	3	3	major	major	I	I, major	vi		I	I	False	vi	vi, major		vi, major		vi	vi	6		1	1	1	4	4	E	E	G	G	minor triad	0	True	True	True	True	True	0	0	0	True	False	False
980	6	245.0	72	0	C	0	2.0	2	4	4	2	1	3/8	True	0	24	62	24	24b	5	245	False	True				False	242	IV6		G	I		IV6	IV		6			M	False	False	(3, 0, -1)	()	-1	3	major	major	I	I, major	IV		I	I	False	IV6	IV6, major		IV6, major		IV	IV	4		1	1	1	0	4	C	E	G	G	major triad	1	True	True	True	True	True	-1	-1	-1	True	True	False
980	2	245.0	76	4	E	0	2.0	2	4	4	1	1	1/8	True	0	24	62	24	24b	5	245	False	True				False	242	IV6		G	I		IV6	IV		6			M	False	False	(3, 0, -1)	()	-1	3	major	major	I	I, major	IV		I	I	False	IV6	IV6, major		IV6, major		IV	IV	4		1	1	1	0	4	C	E	G	G	major triad	1	True	True	True	True	True	3	3	3	True	False	True
982	2	245.5	48	0	C	0	2.5	0	4	4	3	1	1/8	True	0	24	62	24	24b	3	491/2	False	True				False	243	ii6		G	I		ii6	ii		6			m	False	False	(-1, 3, 2)	()	2	-1	major	major	I	I, major	ii		I	I	False	ii6	ii6, major		ii6, major		ii	ii	2		1	1	1	3	0	A	C	G	G	minor triad	1	True	True	True	True	True	-1	-1	-1	True	False	True
982	2	245.5	48	0	C	0	2.5	0	4	4	4	1	1/8	True	0	24	62	24	24b	3	491/2	False	True				False	243	ii6		G	I		ii6	ii		6			m	False	False	(-1, 3, 2)	()	2	-1	major	major	I	I, major	ii		I	I	False	ii6	ii6, major		ii6, major		ii	ii	2		1	1	1	3	0	A	C	G	G	minor triad	1	True	True	True	True	True	-1	-1	-1	True	False	True
982	2	245.5	81	3	A	0	2.5	0	4	4	1	1	1/8	True	0	24	62	24	24b	5	491/2	False	True				False	243	ii6		G	I		ii6	ii		6			m	False	False	(-1, 3, 2)	()	2	-1	major	major	I	I, major	ii		I	I	False	ii6	ii6, major		ii6, major		ii	ii	2		1	1	1	3	0	A	C	G	G	minor triad	1	True	True	True	True	True	2	2	2	True	True	False
984	4	246.0	50	2	D	0	3.0	3	4	4	3	1	1/4	True	0	24	62	24	24b	3	246	False	True				False	244	V7		G	I		V7	V		7			Mm7	False	False	(1, 5, 2, -1)	()	1	1	major	major	I	I, major	V		I	I	False	V7	V7, major		V7, major		V	V7	5		1	1	1	2	2	D	D	G	G	dominant seventh chord	7	True	True	True	True	True	1	1	1	True	True	True
984	4	246.0	50	2	D	0	3.0	3	4	4	4	1	1/4	True	0	24	62	24	24b	3	246	False	True				False	244	V7		G	I		V7	V		7			Mm7	False	False	(1, 5, 2, -1)	()	1	1	major	major	I	I, major	V		I	I	False	V7	V7, major		V7, major		V	V7	5		1	1	1	2	2	D	D	G	G	dominant seventh chord	7	True	True	True	True	True	1	1	1	True	True	True
984	2	246.0	78	6	F	1	3.0	3	4	4	1	1	1/8	True	0	24	62	24	24b	5	246	False	True				False	244	V7		G	I		V7	V		7			Mm7	False	False	(1, 5, 2, -1)	()	1	1	major	major	I	I, major	V		I	I	False	V7	V7, major		V7, major		V	V7	5		1	1	1	2	2	D	D	G	G	dominant seventh chord	7	True	True	True	True	True	5	5	5	True	False	False
986	1	246.5	71	5	B	0	3.5	0	4	4	2	1	1/16	True	0	24	62	24	24b	4	493/2	False	False				False	244	V7		G	I		V7	V		7			Mm7	False	False	(1, 5, 2, -1)	()	1	1	major	major	I	I, major	V		I	I	False	V7	V7, major		V7, major		V	V7	5		1	1	1	2	2	D	D	G	G	dominant seventh chord	7	True	True	True	True	True	4	4	4	False	False	False
986	2	246.5	74	2	D	0	3.5	0	4	4	1	1	1/8	True	0	24	62	24	24b	5	493/2	False	False				False	244	V7		G	I		V7	V		7			Mm7	False	False	(1, 5, 2, -1)	()	1	1	major	major	I	I, major	V		I	I	False	V7	V7, major		V7, major		V	V7	5		1	1	1	2	2	D	D	G	G	dominant seventh chord	7	True	True	True	True	True	1	1	1	True	True	True
987	1	246.75	69	3	A	0	3.75	0	4	4	2	1	1/16	True	0	24	62	24	24b	4	987/4	False	False				False	244	V7		G	I		V7	V		7			Mm7	False	False	(1, 5, 2, -1)	()	1	1	major	major	I	I, major	V		I	I	False	V7	V7, major		V7, major		V	V7	5		1	1	1	2	2	D	D	G	G	dominant seventh chord	7	True	True	True	True	True	2	2	2	True	False	False
988	2	247.0	71	5	B	0	4.0	4	4	4	2	1	1/8	True	0	24	62	24	24b	4	247	False	True				False	245	i6		G	I		i6	i		6			m	False	False	(-3, 1, 0)	()	0	-3	major	major	I	I, major	i		I	I	False	i6	i6, major		i6, major		i	i	1		1	1	1	1	-2	G	Bb	G	G	minor triad	1	True	True	True	True	True	4	4	4	False	False	False
988	4	247.0	79	1	G	0	4.0	4	4	4	1	1	1/4	True	0	24	62	24	24b	5	247	False	True				False	245	i6		G	I		i6	i		6			m	False	False	(-3, 1, 0)	()	0	-3	major	major	I	I, major	i		I	I	False	i6	i6, major		i6, major		i	i	1		1	1	1	1	-2	G	Bb	G	G	minor triad	1	True	True	True	True	True	0	0	0	True	True	False
990	2	247.5	47	5	B	0	4.5	0	4	4	3	1	1/8	True	0	24	62	24	24b	2	495/2	False	False				False	245	i6		G	I		i6	i		6			m	False	False	(-3, 1, 0)	()	0	-3	major	major	I	I, major	i		I	I	False	i6	i6, major		i6, major		i	i	1		1	1	1	1	-2	G	Bb	G	G	minor triad	1	True	True	True	True	True	4	4	4	False	False	False
990	2	247.5	47	5	B	0	4.5	0	4	4	4	1	1/8	True	0	24	62	24	24b	2	495/2	False	False				False	245	i6		G	I		i6	i		6			m	False	False	(-3, 1, 0)	()	0	-3	major	major	I	I, major	i		I	I	False	i6	i6, major		i6, major		i	i	1		1	1	1	1	-2	G	Bb	G	G	minor triad	1	True	True	True	True	True	4	4	4	False	False	False
990	1	247.5	72	0	C	0	4.5	0	4	4	2	1	1/16	True	0	24	62	24	24b	5	495/2	False	False				False	245	i6		G	I		i6	i		6			m	False	False	(-3, 1, 0)	()	0	-3	major	major	I	I, major	i		I	I	False	i6	i6, major		i6, major		i	i	1		1	1	1	1	-2	G	Bb	G	G	minor triad	1	True	True	True	True	True	-1	-1	-1	False	False	False
991	1	247.75	71	5	B	0	4.75	0	4	4	2	1	1/16	True	0	24	62	24	24b	4	991/4	False	False				False	245	i6		G	I		i6	i		6			m	False	False	(-3, 1, 0)	()	0	-3	major	major	I	I, major	i		I	I	False	i6	i6, major		i6, major		i	i	1		1	1	1	1	-2	G	Bb	G	G	minor triad	1	True	True	True	True	True	4	4	4	False	False	False
992	2	248.0	48	0	C	0	1.0	1	4	4	3	1	1/8	True	0	25	63	25	25b	3	248	False	True				False	246	ii65		G	I		ii65	ii		65			mm7	False	False	(-1, 3, 0, 2)	()	2	-1	major	major	I	I, major	ii		I	I	False	ii65	ii65, major		ii65, major		ii	ii7	2		1	1	1	3	0	A	C	G	G		1	True	True	True	True	True	-1	-1	-1	True	False	True
992	2	248.0	48	0	C	0	1.0	1	4	4	4	1	1/8	True	0	25	63	25	25b	3	248	False	True				False	246	ii65		G	I		ii65	ii		65			mm7	False	False	(-1, 3, 0, 2)	()	2	-1	major	major	I	I, major	ii		I	I	False	ii65	ii65, major		ii65, major		ii	ii7	2		1	1	1	3	0	A	C	G	G		1	True	True	True	True	True	-1	-1	-1	True	False	True
992	4	248.0	69	3	A	0	1.0	1	4	4	2	1	1/4	True	0	25	63	25	25b	4	248	False	True				False	246	ii65		G	I		ii65	ii		65			mm7	False	False	(-1, 3, 0, 2)	()	2	-1	major	major	I	I, major	ii		I	I	False	ii65	ii65, major		ii65, major		ii	ii7	2		1	1	1	3	0	A	C	G	G		1	True	True	True	True	True	2	2	2	True	True	False
992	2	248.0	79	1	G	0	1.0	1	4	4	1	1	1/8	False	0	25	63	25	25b	5	248	False	True				False	246	ii65		G	I		ii65	ii		65			mm7	False	False	(-1, 3, 0, 2)	()	2	-1	major	major	I	I, major	ii		I	I	False	ii65	ii65, major		ii65, major		ii	ii7	2		1	1	1	3	0	A	C	G	G		1	True	True	True	True	True	0	0	0	True	False	False
994	2	248.5	45	3	A	0	1.5	0	4	4	3	1	1/8	True	0	25	63	25	25b	2	497/2	False	False				False	246	ii65		G	I		ii65	ii		65			mm7	False	False	(-1, 3, 0, 2)	()	2	-1	major	major	I	I, major	ii		I	I	False	ii65	ii65, major		ii65, major		ii	ii7	2		1	1	1	3	0	A	C	G	G		1	True	True	True	True	True	2	2	2	True	True	False
994	2	248.5	45	3	A	0	1.5	0	4	4	4	1	1/8	True	0	25	63	25	25b	2	497/2	False	False				False	246	ii65		G	I		ii65	ii		65			mm7	False	False	(-1, 3, 0, 2)	()	2	-1	major	major	I	I, major	ii		I	I	False	ii65	ii65, major		ii65, major		ii	ii7	2		1	1	1	3	0	A	C	G	G		1	True	True	True	True	True	2	2	2	True	True	False
994	1	248.5	81	3	A	0	1.5	0	4	4	1	1	1/16	True	0	25	63	25	25b	5	497/2	False	False				False	246	ii65		G	I		ii65	ii		65			mm7	False	False	(-1, 3, 0, 2)	()	2	-1	major	major	I	I, major	ii		I	I	False	ii65	ii65, major		ii65, major		ii	ii7	2		1	1	1	3	0	A	C	G	G		1	True	True	True	True	True	2	2	2	True	True	False
995	1	248.75	79	1	G	0	1.75	0	4	4	1	1	1/16	True	0	25	63	25	25b	5	995/4	False	False				False	246	ii65		G	I		ii65	ii		65			mm7	False	False	(-1, 3, 0, 2)	()	2	-1	major	major	I	I, major	ii		I	I	False	ii65	ii65, major		ii65, major		ii	ii7	2		1	1	1	3	0	A	C	G	G		1	True	True	True	True	True	0	0	0	True	False	False
996	2	249.0	50	2	D	0	2.0	2	4	4	3	1	1/8	True	0	25	63	25	25b	3	249	False	True				False	247	V		G	I		V	V					M	False	False	(1, 5, 2)	()	1	1	major	major	I	I, major	V		I	I	False	V	V, major		V, major		V	V	5		1	1	1	2	2	D	D	G	G	major triad	0	True	True	True	True	True	1	1	1	True	True	True
996	2	249.0	50	2	D	0	2.0	2	4	4	4	1	1/8	True	0	25	63	25	25b	3	249	False	True				False	247	V		G	I		V	V					M	False	False	(1, 5, 2)	()	1	1	major	major	I	I, major	V		I	I	False	V	V, major		V, major		V	V	5		1	1	1	2	2	D	D	G	G	major triad	0	True	True	True	True	True	1	1	1	True	True	True
996	2	249.0	78	6	F	1	2.0	2	4	4	1	1	1/8	True	0	25	63	25	25b	5	249	False	True				False	247	V		G	I		V	V					M	False	False	(1, 5, 2)	()	1	1	major	major	I	I, major	V		I	I	False	V	V, major		V, major		V	V	5		1	1	1	2	2	D	D	G	G	major triad	0	True	True	True	True	True	5	5	5	True	False	False
996	6	249.0	81	3	A	0	2.0	2	4	4	2	1	3/8	True	0	25	63	25	25b	5	249	False	True				False	247	V		G	I		V	V					M	False	False	(1, 5, 2)	()	1	1	major	major	I	I, major	V		I	I	False	V	V, major		V, major		V	V	5		1	1	1	2	2	D	D	G	G	major triad	0	True	True	True	True	True	2	2	2	True	False	False
998	2	249.5	38	2	D	0	2.5	0	4	4	3	1	1/8	True	0	25	63	25	25b	2	499/2	False	False				False	247	V		G	I		V	V					M	False	False	(1, 5, 2)	()	1	1	major	major	I	I, major	V		I	I	False	V	V, major		V, major		V	V	5		1	1	1	2	2	D	D	G	G	major triad	0	True	True	True	True	True	1	1	1	True	True	True
998	2	249.5	38	2	D	0	2.5	0	4	4	4	1	1/8	True	0	25	63	25	25b	2	499/2	False	False				False	247	V		G	I		V	V					M	False	False	(1, 5, 2)	()	1	1	major	major	I	I, major	V		I	I	False	V	V, major		V, major		V	V	5		1	1	1	2	2	D	D	G	G	major triad	0	True	True	True	True	True	1	1	1	True	True	True
998	1	249.5	79	1	G	0	2.5	0	4	4	1	1	1/16	True	0	25	63	25	25b	5	499/2	False	False				False	247	V		G	I		V	V					M	False	False	(1, 5, 2)	()	1	1	major	major	I	I, major	V		I	I	False	V	V, major		V, major		V	V	5		1	1	1	2	2	D	D	G	G	major triad	0	True	True	True	True	True	0	0	0	False	False	False
999	1	249.75	81	3	A	0	2.75	0	4	4	1	1	1/16	True	0	25	63	25	25b	5	999/4	False	False				False	247	V		G	I		V	V					M	False	False	(1, 5, 2)	()	1	1	major	major	I	I, major	V		I	I	False	V	V, major		V, major		V	V	5		1	1	1	2	2	D	D	G	G	major triad	0	True	True	True	True	True	2	2	2	True	False	False
1000	2	250.0	43	1	G	0	3.0	3	4	4	3	1	1/8	True	0	25	63	25	25b	2	250	False	True				False	248	I(9)		G	I		I(9)	I			9		M	False	False	(0, 4, 1)	(2,)	0	0	major	major	I	I, major	I		I	I	False	I	I, major		I(9), major		I	I	1		1	1	1	1	1	G	G	G	G	major triad	0	True	True	True	True	True	0	0	0	True	True	True
1000	2	250.0	43	1	G	0	3.0	3	4	4	4	1	1/8	True	0	25	63	25	25b	2	250	False	True				False	248	I(9)		G	I		I(9)	I			9		M	False	False	(0, 4, 1)	(2,)	0	0	major	major	I	I, major	I		I	I	False	I	I, major		I(9), major		I	I	1		1	1	1	1	1	G	G	G	G	major triad	0	True	True	True	True	True	0	0	0	True	True	True
1000	6	250.0	83	5	B	0	3.0	3	4	4	1	1	3/8	True	0	25	63	25	25b	5	250	False	True				False	248	I(9)		G	I		I(9)	I			9		M	False	False	(0, 4, 1)	(2,)	0	0	major	major	I	I, major	I		I	I	False	I	I, major		I(9), major		I	I	1		1	1	1	1	1	G	G	G	G	major triad	0	True	True	True	True	True	4	4	4	True	False	False
1002	2	250.5	55	1	G	0	3.5	0	4	4	3	1	1/8	True	0	25	63	25	25b	3	501/2	False	False				False	248	I(9)		G	I		I(9)	I			9		M	False	False	(0, 4, 1)	(2,)	0	0	major	major	I	I, major	I		I	I	False	I	I, major		I(9), major		I	I	1		1	1	1	1	1	G	G	G	G	major triad	0	True	True	True	True	True	0	0	0	True	True	True
1002	2	250.5	55	1	G	0	3.5	0	4	4	4	1	1/8	True	0	25	63	25	25b	3	501/2	False	False				False	248	I(9)		G	I		I(9)	I			9		M	False	False	(0, 4, 1)	(2,)	0	0	major	major	I	I, major	I		I	I	False	I	I, major		I(9), major		I	I	1		1	1	1	1	1	G	G	G	G	major triad	0	True	True	True	True	True	0	0	0	True	True	True
1002	2	250.5	74	2	D	0	3.5	0	4	4	2	1	1/8	True	0	25	63	25	25b	5	501/2	False	False				False	248	I(9)		G	I		I(9)	I			9		M	False	False	(0, 4, 1)	(2,)	0	0	major	major	I	I, major	I		I	I	False	I	I, major		I(9), major		I	I	1		1	1	1	1	1	G	G	G	G	major triad	0	True	True	True	True	True	1	1	1	True	False	False
1004	2	251.0	59	5	B	0	4.0	4	4	4	3	1	1/8	True	0	25	63	25	25b	3	251	False	True				False	249	I6		G	I		I6	I		6			M	False	False	(4, 1, 0)	()	0	4	major	major	I	I, major	I		I	I	False	I6	I6, major		I6, major		I	I	1		1	1	1	1	5	G	B	G	G	major triad	1	True	True	True	True	True	4	4	4	True	False	True
1004	2	251.0	59	5	B	0	4.0	4	4	4	4	1	1/8	True	0	25	63	25	25b	3	251	False	True				False	249	I6		G	I		I6	I		6			M	False	False	(4, 1, 0)	()	0	4	major	major	I	I, major	I		I	I	False	I6	I6, major		I6, major		I	I	1		1	1	1	1	5	G	B	G	G	major triad	1	True	True	True	True	True	4	4	4	True	False	True
1004	4	251.0	79	1	G	0	4.0	4	4	4	2	1	1/4	True	0	25	63	25	25b	5	251	False	True				False	249	I6		G	I		I6	I		6			M	False	False	(4, 1, 0)	()	0	4	major	major	I	I, major	I		I	I	False	I6	I6, major		I6, major		I	I	1		1	1	1	1	5	G	B	G	G	major triad	1	True	True	True	True	True	0	0	0	True	True	False
1006	2	251.5	55	1	G	0	4.5	0	4	4	3	1	1/8	True	0	25	63	25	25b	3	503/2	False	False				False	249	I6		G	I		I6	I		6			M	False	False	(4, 1, 0)	()	0	4	major	major	I	I, major	I		I	I	False	I6	I6, major		I6, major		I	I	1		1	1	1	1	5	G	B	G	G	major triad	1	True	True	True	True	True	0	0	0	True	True	False
1006	2	251.5	55	1	G	0	4.5	0	4	4	4	1	1/8	True	0	25	63	25	25b	3	503/2	False	False				False	249	I6		G	I		I6	I		6			M	False	False	(4, 1, 0)	()	0	4	major	major	I	I, major	I		I	I	False	I6	I6, major		I6, major		I	I	1		1	1	1	1	5	G	B	G	G	major triad	1	True	True	True	True	True	0	0	0	True	True	False
1006	1	251.5	81	3	A	0	4.5	0	4	4	1	1	1/16	True	0	25	63	25	25b	5	503/2	False	False				False	249	I6		G	I		I6	I		6			M	False	False	(4, 1, 0)	()	0	4	major	major	I	I, major	I		I	I	False	I6	I6, major		I6, major		I	I	1		1	1	1	1	5	G	B	G	G	major triad	1	True	True	True	True	True	2	2	2	False	False	False
1007	1	251.75	79	1	G	0	4.75	0	4	4	1	1	1/16	True	0	25	63	25	25b	5	1007/4	False	False				False	249	I6		G	I		I6	I		6			M	False	False	(4, 1, 0)	()	0	4	major	major	I	I, major	I		I	I	False	I6	I6, major		I6, major		I	I	1		1	1	1	1	5	G	B	G	G	major triad	1	True	True	True	True	True	0	0	0	True	True	False
1008	2	252.0	62	2	D	0	1.0	1	4	4	3	1	1/8	True	0	26	64	26	26b	4	252	False	True				False	250	V(4)		G	I		V(4)	V			4		M	False	False	(1, 0, 2)	()	1	1	major	major	I	I, major	V		I	I	False	V	V, major		V(4), major		V	V	5		1	1	1	2	2	D	D	G	G	major triad	0	True	True	True	True	True	1	1	1	True	True	True
1008	2	252.0	62	2	D	0	1.0	1	4	4	4	1	1/8	True	0	26	64	26	26b	4	252	False	True				False	250	V(4)		G	I		V(4)	V			4		M	False	False	(1, 0, 2)	()	1	1	major	major	I	I, major	V		I	I	False	V	V, major		V(4), major		V	V	5		1	1	1	2	2	D	D	G	G	major triad	0	True	True	True	True	True	1	1	1	True	True	True
1008	2	252.0	79	1	G	0	1.0	1	4	4	2	1	1/8	False	0	26	64	26	26b	5	252	False	True				False	250	V(4)		G	I		V(4)	V			4		M	False	False	(1, 0, 2)	()	1	1	major	major	I	I, major	V		I	I	False	V	V, major		V(4), major		V	V	5		1	1	1	2	2	D	D	G	G	major triad	0	True	True	True	True	True	0	0	0	True	False	False
1008	2	252.0	81	3	A	0	1.0	1	4	4	1	1	1/8	True	0	26	64	26	26b	5	252	False	True				False	250	V(4)		G	I		V(4)	V			4		M	False	False	(1, 0, 2)	()	1	1	major	major	I	I, major	V		I	I	False	V	V, major		V(4), major		V	V	5		1	1	1	2	2	D	D	G	G	major triad	0	True	True	True	True	True	2	2	2	True	False	False
1010	2	252.5	50	2	D	0	1.5	0	4	4	3	1	1/8	True	0	26	64	26	26b	3	505/2	False	False				False	250	V(4)		G	I		V(4)	V			4		M	False	False	(1, 0, 2)	()	1	1	major	major	I	I, major	V		I	I	False	V	V, major		V(4), major		V	V	5		1	1	1	2	2	D	D	G	G	major triad	0	True	True	True	True	True	1	1	1	True	True	True
1010	2	252.5	50	2	D	0	1.5	0	4	4	4	1	1/8	True	0	26	64	26	26b	3	505/2	False	False				False	250	V(4)		G	I		V(4)	V			4		M	False	False	(1, 0, 2)	()	1	1	major	major	I	I, major	V		I	I	False	V	V, major		V(4), major		V	V	5		1	1	1	2	2	D	D	G	G	major triad	0	True	True	True	True	True	1	1	1	True	True	True
1010	2	252.5	69	3	A	0	1.5	0	4	4	1	1	1/8	True	0	26	64	26	26b	4	505/2	False	False				False	250	V(4)		G	I		V(4)	V			4		M	False	False	(1, 0, 2)	()	1	1	major	major	I	I, major	V		I	I	False	V	V, major		V(4), major		V	V	5		1	1	1	2	2	D	D	G	G	major triad	0	True	True	True	True	True	2	2	2	True	False	False
1010	1	252.5	81	3	A	0	1.5	0	4	4	2	1	1/16	True	0	26	64	26	26b	5	505/2	False	False				False	250	V(4)		G	I		V(4)	V			4		M	False	False	(1, 0, 2)	()	1	1	major	major	I	I, major	V		I	I	False	V	V, major		V(4), major		V	V	5		1	1	1	2	2	D	D	G	G	major triad	0	True	True	True	True	True	2	2	2	True	False	False
1011	1	252.75	79	1	G	0	1.75	0	4	4	2	1	1/16	True	0	26	64	26	26b	5	1011/4	False	False				False	250	V(4)		G	I		V(4)	V			4		M	False	False	(1, 0, 2)	()	1	1	major	major	I	I, major	V		I	I	False	V	V, major		V(4), major		V	V	5		1	1	1	2	2	D	D	G	G	major triad	0	True	True	True	True	True	0	0	0	True	False	False
1012	2	253.0	54	6	F	1	2.0	2	4	4	3	1	1/8	True	0	26	64	26	26b	3	253	False	True				False	251	V6		G	I		V6	V		6			M	False	False	(5, 2, 1)	()	1	5	major	major	I	I, major	V		I	I	False	V6	V6, major		V6, major		V	V	5		1	1	1	2	6	D	F#	G	G	major triad	1	True	True	True	True	True	5	5	5	True	False	True
1012	2	253.0	54	6	F	1	2.0	2	4	4	4	1	1/8	True	0	26	64	26	26b	3	253	False	True				False	251	V6		G	I		V6	V		6			M	False	False	(5, 2, 1)	()	1	5	major	major	I	I, major	V		I	I	False	V6	V6, major		V6, major		V	V	5		1	1	1	2	6	D	F#	G	G	major triad	1	True	True	True	True	True	5	5	5	True	False	True
1012	8	253.0	74	2	D	0	2.0	2	4	4	1	1	1/2	True	0	26	64	26	26b	5	253	False	True				False	251	V6		G	I		V6	V		6			M	False	False	(5, 2, 1)	()	1	5	major	major	I	I, major	V		I	I	False	V6	V6, major		V6, major		V	V	5		1	1	1	2	6	D	F#	G	G	major triad	1	True	True	True	True	True	1	1	1	True	True	False
1012	2	253.0	78	6	F	1	2.0	2	4	4	2	1	1/8	True	0	26	64	26	26b	5	253	False	True				False	251	V6		G	I		V6	V		6			M	False	False	(5, 2, 1)	()	1	5	major	major	I	I, major	V		I	I	False	V6	V6, major		V6, major		V	V	5		1	1	1	2	6	D	F#	G	G	major triad	1	True	True	True	True	True	5	5	5	True	False	True
1014	2	253.5	50	2	D	0	2.5	0	4	4	3	1	1/8	True	0	26	64	26	26b	3	507/2	False	False				False	251	V6		G	I		V6	V		6			M	False	False	(5, 2, 1)	()	1	5	major	major	I	I, major	V		I	I	False	V6	V6, major		V6, major		V	V	5		1	1	1	2	6	D	F#	G	G	major triad	1	True	True	True	True	True	1	1	1	True	True	False
1014	2	253.5	50	2	D	0	2.5	0	4	4	4	1	1/8	True	0	26	64	26	26b	3	507/2	False	False				False	251	V6		G	I		V6	V		6			M	False	False	(5, 2, 1)	()	1	5	major	major	I	I, major	V		I	I	False	V6	V6, major		V6, major		V	V	5		1	1	1	2	6	D	F#	G	G	major triad	1	True	True	True	True	True	1	1	1	True	True	False
1014	1	253.5	79	1	G	0	2.5	0	4	4	2	1	1/16	True	0	26	64	26	26b	5	507/2	False	False				False	251	V6		G	I		V6	V		6			M	False	False	(5, 2, 1)	()	1	5	major	major	I	I, major	V		I	I	False	V6	V6, major		V6, major		V	V	5		1	1	1	2	6	D	F#	G	G	major triad	1	True	True	True	True	True	0	0	0	False	False	False
1015	1	253.75	78	6	F	1	2.75	0	4	4	2	1	1/16	True	0	26	64	26	26b	5	1015/4	False	False				False	251	V6		G	I		V6	V		6			M	False	False	(5, 2, 1)	()	1	5	major	major	I	I, major	V		I	I	False	V6	V6, major		V6, major		V	V	5		1	1	1	2	6	D	F#	G	G	major triad	1	True	True	True	True	True	5	5	5	True	False	True
1016	2	254.0	55	1	G	0	3.0	3	4	4	3	1	1/8	True	0	26	64	26	26b	3	254	False	True				False	252	ii65/V		G	I		ii65/V	ii		65		V	mm7	False	False	(0, 4, 1, 3)	()	3	0	major	major	I	I, major	ii/V	V	V/I	V	False	ii65/V	ii65/V, major		ii65/V, major	V	V	ii7	2	5	1	1	2	4	1	E	G	G	D		1	True	True	True	True	True	0	0	-1	True	False	True
1016	2	254.0	55	1	G	0	3.0	3	4	4	4	1	1/8	True	0	26	64	26	26b	3	254	False	True				False	252	ii65/V		G	I		ii65/V	ii		65		V	mm7	False	False	(0, 4, 1, 3)	()	3	0	major	major	I	I, major	ii/V	V	V/I	V	False	ii65/V	ii65/V, major		ii65/V, major	V	V	ii7	2	5	1	1	2	4	1	E	G	G	D		1	True	True	True	True	True	0	0	-1	True	False	True
1016	8	254.0	76	4	E	0	3.0	3	4	4	2	1	1/2	True	0	26	64	26	26b	5	254	False	True				False	252	ii65/V		G	I		ii65/V	ii		65		V	mm7	False	False	(0, 4, 1, 3)	()	3	0	major	major	I	I, major	ii/V	V	V/I	V	False	ii65/V	ii65/V, major		ii65/V, major	V	V	ii7	2	5	1	1	2	4	1	E	G	G	D		1	True	True	True	True	True	3	3	2	True	True	False
1018	2	254.5	52	4	E	0	3.5	0	4	4	3	1	1/8	True	0	26	64	26	26b	3	509/2	False	False				False	252	ii65/V		G	I		ii65/V	ii		65		V	mm7	False	False	(0, 4, 1, 3)	()	3	0	major	major	I	I, major	ii/V	V	V/I	V	False	ii65/V	ii65/V, major		ii65/V, major	V	V	ii7	2	5	1	1	2	4	1	E	G	G	D		1	True	True	True	True	True	3	3	2	True	True	False
1018	2	254.5	52	4	E	0	3.5	0	4	4	4	1	1/8	True	0	26	64	26	26b	3	509/2	False	False				False	252	ii65/V		G	I		ii65/V	ii		65		V	mm7	False	False	(0, 4, 1, 3)	()	3	0	major	major	I	I, major	ii/V	V	V/I	V	False	ii65/V	ii65/V, major		ii65/V, major	V	V	ii7	2	5	1	1	2	4	1	E	G	G	D		1	True	True	True	True	True	3	3	2	True	True	False
1020	2	255.0	57	3	A	0	4.0	4	4	4	3	1	1/8	True	0	26	64	26	26b	3	255	False	True				False	253	V/V		G	I		V/V	V				V	M	False	False	(2, 6, 3)	()	2	2	major	major	I	I, major	V/V	V	V/I	V	False	V/V	V/V, major		V/V, major	V	V	V	5	5	1	1	2	3	3	A	A	G	D	major triad	0	True	True	True	True	True	2	2	1	True	True	True
1020	2	255.0	57	3	A	0	4.0	4	4	4	4	1	1/8	True	0	26	64	26	26b	3	255	False	True				False	253	V/V		G	I		V/V	V				V	M	False	False	(2, 6, 3)	()	2	2	major	major	I	I, major	V/V	V	V/I	V	False	V/V	V/V, major		V/V, major	V	V	V	5	5	1	1	2	3	3	A	A	G	D	major triad	0	True	True	True	True	True	2	2	1	True	True	True
1020	4	255.0	73	7	C	1	4.0	4	4	4	1	1	1/4	True	0	26	64	26	26b	5	255	False	True				False	253	V/V		G	I		V/V	V				V	M	False	False	(2, 6, 3)	()	2	2	major	major	I	I, major	V/V	V	V/I	V	False	V/V	V/V, major		V/V, major	V	V	V	5	5	1	1	2	3	3	A	A	G	D	major triad	0	True	True	True	True	True	6	6	5	True	False	False
1022	2	255.5	45	3	A	0	4.5	0	4	4	3	1	1/8	True	0	26	64	26	26b	2	511/2	False	False				False	253	V/V		G	I		V/V	V				V	M	False	False	(2, 6, 3)	()	2	2	major	major	I	I, major	V/V	V	V/I	V	False	V/V	V/V, major		V/V, major	V	V	V	5	5	1	1	2	3	3	A	A	G	D	major triad	0	True	True	True	True	True	2	2	1	True	True	True
1022	2	255.5	45	3	A	0	4.5	0	4	4	4	1	1/8	True	0	26	64	26	26b	2	511/2	False	False				False	253	V/V		G	I		V/V	V				V	M	False	False	(2, 6, 3)	()	2	2	major	major	I	I, major	V/V	V	V/I	V	False	V/V	V/V, major		V/V, major	V	V	V	5	5	1	1	2	3	3	A	A	G	D	major triad	0	True	True	True	True	True	2	2	1	True	True	True
1024	8	256.0	50	2	D	0	1.0	1	4	4	3	1	1/2	True	0	27	65	27	27b	3	256	False	True	HC	HC	}{	True	254	V|HC}{		G	I		V	V					M	False	False	(1, 5, 2)	()	1	1	major	major	I	I, major	V		I	I	False	V	V, major		V, major		V	V	5		1	1	1	2	2	D	D	G	G	major triad	0	True	True	True	True	True	1	1	1	True	True	True
1024	8	256.0	50	2	D	0	1.0	1	4	4	4	1	1/2	True	0	27	65	27	27b	3	256	False	True	HC	HC	}{	True	254	V|HC}{		G	I		V	V					M	False	False	(1, 5, 2)	()	1	1	major	major	I	I, major	V		I	I	False	V	V, major		V, major		V	V	5		1	1	1	2	2	D	D	G	G	major triad	0	True	True	True	True	True	1	1	1	True	True	True
1024	2	256.0	74	2	D	0	1.0	1	4	4	2	1	1/8	True	0	27	65	27	27b	5	256	False	True	HC	HC	}{	True	254	V|HC}{		G	I		V	V					M	False	False	(1, 5, 2)	()	1	1	major	major	I	I, major	V		I	I	False	V	V, major		V, major		V	V	5		1	1	1	2	2	D	D	G	G	major triad	0	True	True	True	True	True	1	1	1	True	True	True
1026	2	256.5	74	2	D	0	1.5	0	4	4	1	1	1/8	True	0	27	65	27	27b	5	513/2	False	False				False	254	V|HC}{		G	I		V	V					M	False	False	(1, 5, 2)	()	1	1	major	major	I	I, major	V		I	I	False	V	V, major		V, major		V	V	5		1	1	1	2	2	D	D	G	G	major triad	0	True	True	True	True	True	1	1	1	True	True	True
1026	2	256.5	78	6	F	1	1.5	0	4	4	2	1	1/8	True	0	27	65	27	27b	5	513/2	False	False				False	254	V|HC}{		G	I		V	V					M	False	False	(1, 5, 2)	()	1	1	major	major	I	I, major	V		I	I	False	V	V, major		V, major		V	V	5		1	1	1	2	2	D	D	G	G	major triad	0	True	True	True	True	True	5	5	5	True	False	False
1028	2	257.0	71	5	B	0	2.0	2	4	4	1	1	1/8	True	0	27	65	27	27b	4	257	False	False				False	254	V|HC}{		G	I		V	V					M	False	False	(1, 5, 2)	()	1	1	major	major	I	I, major	V		I	I	False	V	V, major		V, major		V	V	5		1	1	1	2	2	D	D	G	G	major triad	0	True	True	True	True	True	4	4	4	False	False	False
1028	2	257.0	74	2	D	0	2.0	2	4	4	2	1	1/8	True	0	27	65	27	27b	5	257	False	False				False	254	V|HC}{		G	I		V	V					M	False	False	(1, 5, 2)	()	1	1	major	major	I	I, major	V		I	I	False	V	V, major		V, major		V	V	5		1	1	1	2	2	D	D	G	G	major triad	0	True	True	True	True	True	1	1	1	True	True	True
1030	2	257.5	67	1	G	0	2.5	0	4	4	1	1	1/8	True	0	27	65	27	27b	4	515/2	False	False				False	254	V|HC}{		G	I		V	V					M	False	False	(1, 5, 2)	()	1	1	major	major	I	I, major	V		I	I	False	V	V, major		V, major		V	V	5		1	1	1	2	2	D	D	G	G	major triad	0	True	True	True	True	True	0	0	0	False	False	False
1030	2	257.5	71	5	B	0	2.5	0	4	4	2	1	1/8	True	0	27	65	27	27b	4	515/2	False	False				False	254	V|HC}{		G	I		V	V					M	False	False	(1, 5, 2)	()	1	1	major	major	I	I, major	V		I	I	False	V	V, major		V, major		V	V	5		1	1	1	2	2	D	D	G	G	major triad	0	True	True	True	True	True	4	4	4	False	False	False
1032	2	258.0	64	4	E	0	3.0	3	4	4	1	1	1/8	True	0	27	65	27	27b	4	258	False	True				False	255	iii		G	I		iii	iii					m	False	False	(4, 1, 5)	()	4	4	major	major	I	I, major	iii		I	I	False	iii	iii, major		iii, major		iii	iii	3		1	1	1	5	5	B	B	G	G	minor triad	0	True	True	True	True	True	3	3	3	False	False	False
1032	2	258.0	67	1	G	0	3.0	3	4	4	2	1	1/8	True	0	27	65	27	27b	4	258	False	True				False	255	iii		G	I		iii	iii					m	False	False	(4, 1, 5)	()	4	4	major	major	I	I, major	iii		I	I	False	iii	iii, major		iii, major		iii	iii	3		1	1	1	5	5	B	B	G	G	minor triad	0	True	True	True	True	True	0	0	0	False	False	False
1034	2	258.5	76	4	E	0	3.5	0	4	4	1	1	1/8	True	0	27	65	27	27b	5	517/2	False	False				False	255	iii		G	I		iii	iii					m	False	False	(4, 1, 5)	()	4	4	major	major	I	I, major	iii		I	I	False	iii	iii, major		iii, major		iii	iii	3		1	1	1	5	5	B	B	G	G	minor triad	0	True	True	True	True	True	3	3	3	False	False	False
1034	2	258.5	79	1	G	0	3.5	0	4	4	2	1	1/8	True	0	27	65	27	27b	5	517/2	False	False				False	255	iii		G	I		iii	iii					m	False	False	(4, 1, 5)	()	4	4	major	major	I	I, major	iii		I	I	False	iii	iii, major		iii, major		iii	iii	3		1	1	1	5	5	B	B	G	G	minor triad	0	True	True	True	True	True	0	0	0	False	False	False
1036	1	259.0	72	0	C	0	4.0	4	4	4	1	1	1/16	True	0	27	65	27	27b	5	259	False	True				False	256	ii6		G	I		ii6	ii		6			m	False	False	(-1, 3, 2)	()	2	-1	major	major	I	I, major	ii		I	I	False	ii6	ii6, major		ii6, major		ii	ii	2		1	1	1	3	0	A	C	G	G	minor triad	1	True	True	True	True	True	-1	-1	-1	True	False	True
1036	1	259.0	76	4	E	0	4.0	4	4	4	2	1	1/16	True	0	27	65	27	27b	5	259	False	True				False	256	ii6		G	I		ii6	ii		6			m	False	False	(-1, 3, 2)	()	2	-1	major	major	I	I, major	ii		I	I	False	ii6	ii6, major		ii6, major		ii	ii	2		1	1	1	3	0	A	C	G	G	minor triad	1	True	True	True	True	True	3	3	3	True	False	False
1037	1	259.25	71	5	B	0	4.25	0	4	4	1	1	1/16	True	0	27	65	27	27b	4	1037/4	False	False				False	256	ii6		G	I		ii6	ii		6			m	False	False	(-1, 3, 2)	()	2	-1	major	major	I	I, major	ii		I	I	False	ii6	ii6, major		ii6, major		ii	ii	2		1	1	1	3	0	A	C	G	G	minor triad	1	True	True	True	True	True	4	4	4	False	False	False
1037	1	259.25	74	2	D	0	4.25	0	4	4	2	1	1/16	True	0	27	65	27	27b	5	1037/4	False	False				False	256	ii6		G	I		ii6	ii		6			m	False	False	(-1, 3, 2)	()	2	-1	major	major	I	I, major	ii		I	I	False	ii6	ii6, major		ii6, major		ii	ii	2		1	1	1	3	0	A	C	G	G	minor triad	1	True	True	True	True	True	1	1	1	False	False	False
1038	1	259.5	69	3	A	0	4.5	0	4	4	1	1	1/16	True	0	27	65	27	27b	4	519/2	False	False				False	256	ii6		G	I		ii6	ii		6			m	False	False	(-1, 3, 2)	()	2	-1	major	major	I	I, major	ii		I	I	False	ii6	ii6, major		ii6, major		ii	ii	2		1	1	1	3	0	A	C	G	G	minor triad	1	True	True	True	True	True	2	2	2	True	True	False
1038	1	259.5	72	0	C	0	4.5	0	4	4	2	1	1/16	True	0	27	65	27	27b	5	519/2	False	False				False	256	ii6		G	I		ii6	ii		6			m	False	False	(-1, 3, 2)	()	2	-1	major	major	I	I, major	ii		I	I	False	ii6	ii6, major		ii6, major		ii	ii	2		1	1	1	3	0	A	C	G	G	minor triad	1	True	True	True	True	True	-1	-1	-1	True	False	True
1039	1	259.75	67	1	G	0	4.75	0	4	4	1	1	1/16	True	0	27	65	27	27b	4	1039/4	False	False				False	256	ii6		G	I		ii6	ii		6			m	False	False	(-1, 3, 2)	()	2	-1	major	major	I	I, major	ii		I	I	False	ii6	ii6, major		ii6, major		ii	ii	2		1	1	1	3	0	A	C	G	G	minor triad	1	True	True	True	True	True	0	0	0	False	False	False
1039	1	259.75	71	5	B	0	4.75	0	4	4	2	1	1/16	True	0	27	65	27	27b	4	1039/4	False	False				False	256	ii6		G	I		ii6	ii		6			m	False	False	(-1, 3, 2)	()	2	-1	major	major	I	I, major	ii		I	I	False	ii6	ii6, major		ii6, major		ii	ii	2		1	1	1	3	0	A	C	G	G	minor triad	1	True	True	True	True	True	4	4	4	False	False	False
1040	2	260.0	66	6	F	1	1.0	1	4	4	1	1	1/8	True	0	28	66	28	28b	4	260	False	True				False	257	V		G	I		V	V					M	False	False	(1, 5, 2)	()	1	1	major	major	I	I, major	V		I	I	False	V	V, major		V, major		V	V	5		1	1	1	2	2	D	D	G	G	major triad	0	True	True	True	True	True	5	5	5	True	False	False
1040	2	260.0	69	3	A	0	1.0	1	4	4	2	1	1/8	True	0	28	66	28	28b	4	260	False	True				False	257	V		G	I		V	V					M	False	False	(1, 5, 2)	()	1	1	major	major	I	I, major	V		I	I	False	V	V, major		V, major		V	V	5		1	1	1	2	2	D	D	G	G	major triad	0	True	True	True	True	True	2	2	2	True	False	False
1042	2	260.5	78	6	F	1	1.5	0	4	4	1	1	1/8	True	0	28	66	28	28b	5	521/2	False	False				False	257	V		G	I		V	V					M	False	False	(1, 5, 2)	()	1	1	major	major	I	I, major	V		I	I	False	V	V, major		V, major		V	V	5		1	1	1	2	2	D	D	G	G	major triad	0	True	True	True	True	True	5	5	5	True	False	False
1042	2	260.5	81	3	A	0	1.5	0	4	4	2	1	1/8	True	0	28	66	28	28b	5	521/2	False	False				False	257	V		G	I		V	V					M	False	False	(1, 5, 2)	()	1	1	major	major	I	I, major	V		I	I	False	V	V, major		V, major		V	V	5		1	1	1	2	2	D	D	G	G	major triad	0	True	True	True	True	True	2	2	2	True	False	False
1044	2	261.0	74	2	D	0	2.0	2	4	4	1	1	1/8	True	0	28	66	28	28b	5	261	False	True				False	258	iii6		G	I		iii6	iii		6			m	False	False	(1, 5, 4)	()	4	1	major	major	I	I, major	iii		I	I	False	iii6	iii6, major		iii6, major		iii	iii	3		1	1	1	5	2	B	D	G	G	minor triad	1	True	True	True	True	True	1	1	1	True	False	True
1044	2	261.0	78	6	F	1	2.0	2	4	4	2	1	1/8	True	0	28	66	28	28b	5	261	False	True				False	258	iii6		G	I		iii6	iii		6			m	False	False	(1, 5, 4)	()	4	1	major	major	I	I, major	iii		I	I	False	iii6	iii6, major		iii6, major		iii	iii	3		1	1	1	5	2	B	D	G	G	minor triad	1	True	True	True	True	True	5	5	5	True	False	False
1046	2	261.5	71	5	B	0	2.5	0	4	4	1	1	1/8	True	0	28	66	28	28b	4	523/2	False	False				False	258	iii6		G	I		iii6	iii		6			m	False	False	(1, 5, 4)	()	4	1	major	major	I	I, major	iii		I	I	False	iii6	iii6, major		iii6, major		iii	iii	3		1	1	1	5	2	B	D	G	G	minor triad	1	True	True	True	True	True	4	4	4	True	True	False
1046	2	261.5	74	2	D	0	2.5	0	4	4	2	1	1/8	True	0	28	66	28	28b	5	523/2	False	False				False	258	iii6		G	I		iii6	iii		6			m	False	False	(1, 5, 4)	()	4	1	major	major	I	I, major	iii		I	I	False	iii6	iii6, major		iii6, major		iii	iii	3		1	1	1	5	2	B	D	G	G	minor triad	1	True	True	True	True	True	1	1	1	True	False	True
1048	4	262.0	67	1	G	0	3.0	3	4	4	1	1	1/4	True	0	28	66	28	28b	4	262	False	True				False	259	I		G	I		I	I					M	False	False	(0, 4, 1)	()	0	0	major	major	I	I, major	I		I	I	False	I	I, major		I, major		I	I	1		1	1	1	1	1	G	G	G	G	major triad	0	True	True	True	True	True	0	0	0	True	True	True
1048	2	262.0	71	5	B	0	3.0	3	4	4	2	1	1/8	True	0	28	66	28	28b	4	262	False	True				False	259	I		G	I		I	I					M	False	False	(0, 4, 1)	()	0	0	major	major	I	I, major	I		I	I	False	I	I, major		I, major		I	I	1		1	1	1	1	1	G	G	G	G	major triad	0	True	True	True	True	True	4	4	4	True	False	False
1050	2	262.5	55	1	G	0	3.5	0	4	4	3	1	1/8	True	0	28	66	28	28b	3	525/2	False	False				False	259	I		G	I		I	I					M	False	False	(0, 4, 1)	()	0	0	major	major	I	I, major	I		I	I	False	I	I, major		I, major		I	I	1		1	1	1	1	1	G	G	G	G	major triad	0	True	True	True	True	True	0	0	0	True	True	True
1050	2	262.5	55	1	G	0	3.5	0	4	4	4	1	1/8	True	0	28	66	28	28b	3	525/2	False	False				False	259	I		G	I		I	I					M	False	False	(0, 4, 1)	()	0	0	major	major	I	I, major	I		I	I	False	I	I, major		I, major		I	I	1		1	1	1	1	1	G	G	G	G	major triad	0	True	True	True	True	True	0	0	0	True	True	True
1050	2	262.5	67	1	G	0	3.5	0	4	4	2	1	1/8	True	0	28	66	28	28b	4	525/2	False	False				False	259	I		G	I		I	I					M	False	False	(0, 4, 1)	()	0	0	major	major	I	I, major	I		I	I	False	I	I, major		I, major		I	I	1		1	1	1	1	1	G	G	G	G	major triad	0	True	True	True	True	True	0	0	0	True	True	True
1052	2	263.0	52	4	E	0	4.0	4	4	4	3	1	1/8	True	0	28	66	28	28b	3	263	False	True				False	260	IV6		G	I		IV6	IV		6			M	False	False	(3, 0, -1)	()	-1	3	major	major	I	I, major	IV		I	I	False	IV6	IV6, major		IV6, major		IV	IV	4		1	1	1	0	4	C	E	G	G	major triad	1	True	True	True	True	True	3	3	3	True	False	True
1052	2	263.0	52	4	E	0	4.0	4	4	4	4	1	1/8	True	0	28	66	28	28b	3	263	False	True				False	260	IV6		G	I		IV6	IV		6			M	False	False	(3, 0, -1)	()	-1	3	major	major	I	I, major	IV		I	I	False	IV6	IV6, major		IV6, major		IV	IV	4		1	1	1	0	4	C	E	G	G	major triad	1	True	True	True	True	True	3	3	3	True	False	True
1052	4	263.0	72	0	C	0	4.0	4	4	4	2	1	1/4	True	0	28	66	28	28b	5	263	False	True				False	260	IV6		G	I		IV6	IV		6			M	False	False	(3, 0, -1)	()	-1	3	major	major	I	I, major	IV		I	I	False	IV6	IV6, major		IV6, major		IV	IV	4		1	1	1	0	4	C	E	G	G	major triad	1	True	True	True	True	True	-1	-1	-1	True	True	False
1054	2	263.5	48	0	C	0	4.5	0	4	4	3	1	1/8	True	0	28	66	28	28b	3	527/2	False	False				False	260	IV6		G	I		IV6	IV		6			M	False	False	(3, 0, -1)	()	-1	3	major	major	I	I, major	IV		I	I	False	IV6	IV6, major		IV6, major		IV	IV	4		1	1	1	0	4	C	E	G	G	major triad	1	True	True	True	True	True	-1	-1	-1	True	True	False
1054	2	263.5	48	0	C	0	4.5	0	4	4	4	1	1/8	True	0	28	66	28	28b	3	527/2	False	False				False	260	IV6		G	I		IV6	IV		6			M	False	False	(3, 0, -1)	()	-1	3	major	major	I	I, major	IV		I	I	False	IV6	IV6, major		IV6, major		IV	IV	4		1	1	1	0	4	C	E	G	G	major triad	1	True	True	True	True	True	-1	-1	-1	True	True	False
1054	2	263.5	76	4	E	0	4.5	0	4	4	1	1	1/8	True	0	28	66	28	28b	5	527/2	False	False				False	260	IV6		G	I		IV6	IV		6			M	False	False	(3, 0, -1)	()	-1	3	major	major	I	I, major	IV		I	I	False	IV6	IV6, major		IV6, major		IV	IV	4		1	1	1	0	4	C	E	G	G	major triad	1	True	True	True	True	True	3	3	3	True	False	True
1056	2	264.0	45	3	A	0	1.0	1	4	4	3	1	1/8	True	0	29	67	29	29b	2	264	False	True				False	261	viio6		G	I		viio6	vii	o	6			o	False	False	(2, -1, 5)	()	5	2	major	major	I	I, major	vii		I	I	False	viio6	viio6, major		viio6, major		vii	viio	7		1	1	1	6	3	F#	A	G	G	diminished triad	1	True	True	True	True	True	2	2	2	True	False	True
1056	2	264.0	45	3	A	0	1.0	1	4	4	4	1	1/8	True	0	29	67	29	29b	2	264	False	True				False	261	viio6		G	I		viio6	vii	o	6			o	False	False	(2, -1, 5)	()	5	2	major	major	I	I, major	vii		I	I	False	viio6	viio6, major		viio6, major		vii	viio	7		1	1	1	6	3	F#	A	G	G	diminished triad	1	True	True	True	True	True	2	2	2	True	False	True
1056	2	264.0	72	0	C	0	1.0	1	4	4	2	1	1/8	False	0	29	67	29	29b	5	264	False	True				False	261	viio6		G	I		viio6	vii	o	6			o	False	False	(2, -1, 5)	()	5	2	major	major	I	I, major	vii		I	I	False	viio6	viio6, major		viio6, major		vii	viio	7		1	1	1	6	3	F#	A	G	G	diminished triad	1	True	True	True	True	True	-1	-1	-1	True	False	False
1056	6	264.0	78	6	F	1	1.0	1	4	4	1	1	3/8	True	0	29	67	29	29b	5	264	False	True				False	261	viio6		G	I		viio6	vii	o	6			o	False	False	(2, -1, 5)	()	5	2	major	major	I	I, major	vii		I	I	False	viio6	viio6, major		viio6, major		vii	viio	7		1	1	1	6	3	F#	A	G	G	diminished triad	1	True	True	True	True	True	5	5	5	True	True	False
1058	2	264.5	57	3	A	0	1.5	0	4	4	3	1	1/8	True	0	29	67	29	29b	3	529/2	False	False				False	261	viio6		G	I		viio6	vii	o	6			o	False	False	(2, -1, 5)	()	5	2	major	major	I	I, major	vii		I	I	False	viio6	viio6, major		viio6, major		vii	viio	7		1	1	1	6	3	F#	A	G	G	diminished triad	1	True	True	True	True	True	2	2	2	True	False	True
1058	2	264.5	57	3	A	0	1.5	0	4	4	4	1	1/8	True	0	29	67	29	29b	3	529/2	False	False				False	261	viio6		G	I		viio6	vii	o	6			o	False	False	(2, -1, 5)	()	5	2	major	major	I	I, major	vii		I	I	False	viio6	viio6, major		viio6, major		vii	viio	7		1	1	1	6	3	F#	A	G	G	diminished triad	1	True	True	True	True	True	2	2	2	True	False	True
1058	2	264.5	72	0	C	0	1.5	0	4	4	2	1	1/8	True	0	29	67	29	29b	5	529/2	False	False				False	261	viio6		G	I		viio6	vii	o	6			o	False	False	(2, -1, 5)	()	5	2	major	major	I	I, major	vii		I	I	False	viio6	viio6, major		viio6, major		vii	viio	7		1	1	1	6	3	F#	A	G	G	diminished triad	1	True	True	True	True	True	-1	-1	-1	True	False	False
1060	1	265.0	54	6	F	1	2.0	2	4	4	3	1	1/16	True	0	29	67	29	29b	3	265	False	True				False	262	V6		G	I		V6	V		6			M	False	False	(5, 2, 1)	()	1	5	major	major	I	I, major	V		I	I	False	V6	V6, major		V6, major		V	V	5		1	1	1	2	6	D	F#	G	G	major triad	1	True	True	True	True	True	5	5	5	True	False	True
1060	2	265.0	54	6	F	1	2.0	2	4	4	4	1	1/8	True	0	29	67	29	29b	3	265	False	True				False	262	V6		G	I		V6	V		6			M	False	False	(5, 2, 1)	()	1	5	major	major	I	I, major	V		I	I	False	V6	V6, major		V6, major		V	V	5		1	1	1	2	6	D	F#	G	G	major triad	1	True	True	True	True	True	5	5	5	True	False	True
1060	6	265.0	74	2	D	0	2.0	2	4	4	2	1	3/8	True	0	29	67	29	29b	5	265	False	True				False	262	V6		G	I		V6	V		6			M	False	False	(5, 2, 1)	()	1	5	major	major	I	I, major	V		I	I	False	V6	V6, major		V6, major		V	V	5		1	1	1	2	6	D	F#	G	G	major triad	1	True	True	True	True	True	1	1	1	True	True	False
1061	1	265.25	52	4	E	0	2.25	0	4	4	3	1	1/16	True	0	29	67	29	29b	3	1061/4	False	False				False	262	V6		G	I		V6	V		6			M	False	False	(5, 2, 1)	()	1	5	major	major	I	I, major	V		I	I	False	V6	V6, major		V6, major		V	V	5		1	1	1	2	6	D	F#	G	G	major triad	1	True	True	True	True	True	3	3	3	False	False	False
1062	1	265.5	50	2	D	0	2.5	0	4	4	3	1	1/16	True	0	29	67	29	29b	3	531/2	False	False				False	262	V6		G	I		V6	V		6			M	False	False	(5, 2, 1)	()	1	5	major	major	I	I, major	V		I	I	False	V6	V6, major		V6, major		V	V	5		1	1	1	2	6	D	F#	G	G	major triad	1	True	True	True	True	True	1	1	1	True	True	False
1062	2	265.5	50	2	D	0	2.5	0	4	4	4	1	1/8	True	0	29	67	29	29b	3	531/2	False	False				False	262	V6		G	I		V6	V		6			M	False	False	(5, 2, 1)	()	1	5	major	major	I	I, major	V		I	I	False	V6	V6, major		V6, major		V	V	5		1	1	1	2	6	D	F#	G	G	major triad	1	True	True	True	True	True	1	1	1	True	True	False
1062	2	265.5	78	6	F	1	2.5	0	4	4	1	1	1/8	True	0	29	67	29	29b	5	531/2	False	False				False	262	V6		G	I		V6	V		6			M	False	False	(5, 2, 1)	()	1	5	major	major	I	I, major	V		I	I	False	V6	V6, major		V6, major		V	V	5		1	1	1	2	6	D	F#	G	G	major triad	1	True	True	True	True	True	5	5	5	True	False	True
1063	1	265.75	48	0	C	0	2.75	0	4	4	3	1	1/16	True	0	29	67	29	29b	3	1063/4	False	False				False	262	V6		G	I		V6	V		6			M	False	False	(5, 2, 1)	()	1	5	major	major	I	I, major	V		I	I	False	V6	V6, major		V6, major		V	V	5		1	1	1	2	6	D	F#	G	G	major triad	1	True	True	True	True	True	-1	-1	-1	False	False	False
1064	2	266.0	47	5	B	0	3.0	3	4	4	3	1	1/8	True	0	29	67	29	29b	2	266	False	True				False	263	I6		G	I		I6	I		6			M	False	False	(4, 1, 0)	()	0	4	major	major	I	I, major	I		I	I	False	I6	I6, major		I6, major		I	I	1		1	1	1	1	5	G	B	G	G	major triad	1	True	True	True	True	True	4	4	4	True	False	True
1064	2	266.0	47	5	B	0	3.0	3	4	4	4	1	1/8	True	0	29	67	29	29b	2	266	False	True				False	263	I6		G	I		I6	I		6			M	False	False	(4, 1, 0)	()	0	4	major	major	I	I, major	I		I	I	False	I6	I6, major		I6, major		I	I	1		1	1	1	1	5	G	B	G	G	major triad	1	True	True	True	True	True	4	4	4	True	False	True
1064	6	266.0	79	1	G	0	3.0	3	4	4	1	1	3/8	True	0	29	67	29	29b	5	266	False	True				False	263	I6		G	I		I6	I		6			M	False	False	(4, 1, 0)	()	0	4	major	major	I	I, major	I		I	I	False	I6	I6, major		I6, major		I	I	1		1	1	1	1	5	G	B	G	G	major triad	1	True	True	True	True	True	0	0	0	True	True	False
1066	2	266.5	59	5	B	0	3.5	0	4	4	3	1	1/8	True	0	29	67	29	29b	3	533/2	False	False				False	263	I6		G	I		I6	I		6			M	False	False	(4, 1, 0)	()	0	4	major	major	I	I, major	I		I	I	False	I6	I6, major		I6, major		I	I	1		1	1	1	1	5	G	B	G	G	major triad	1	True	True	True	True	True	4	4	4	True	False	True
1066	2	266.5	59	5	B	0	3.5	0	4	4	4	1	1/8	True	0	29	67	29	29b	3	533/2	False	False				False	263	I6		G	I		I6	I		6			M	False	False	(4, 1, 0)	()	0	4	major	major	I	I, major	I		I	I	False	I6	I6, major		I6, major		I	I	1		1	1	1	1	5	G	B	G	G	major triad	1	True	True	True	True	True	4	4	4	True	False	True
1066	2	266.5	74	2	D	0	3.5	0	4	4	2	1	1/8	True	0	29	67	29	29b	5	533/2	False	False				False	263	I6		G	I		I6	I		6			M	False	False	(4, 1, 0)	()	0	4	major	major	I	I, major	I		I	I	False	I6	I6, major		I6, major		I	I	1		1	1	1	1	5	G	B	G	G	major triad	1	True	True	True	True	True	1	1	1	True	False	False
1068	2	267.0	55	1	G	0	4.0	4	4	4	3	1	1/8	True	0	29	67	29	29b	3	267	False	True				False	264	vi6		G	I		vi6	vi		6			m	False	False	(0, 4, 3)	()	3	0	major	major	I	I, major	vi		I	I	False	vi6	vi6, major		vi6, major		vi	vi	6		1	1	1	4	1	E	G	G	G	minor triad	1	True	True	True	True	True	0	0	0	True	False	True
1068	2	267.0	55	1	G	0	4.0	4	4	4	4	1	1/8	True	0	29	67	29	29b	3	267	False	True				False	264	vi6		G	I		vi6	vi		6			m	False	False	(0, 4, 3)	()	3	0	major	major	I	I, major	vi		I	I	False	vi6	vi6, major		vi6, major		vi	vi	6		1	1	1	4	1	E	G	G	G	minor triad	1	True	True	True	True	True	0	0	0	True	False	True
1068	4	267.0	76	4	E	0	4.0	4	4	4	2	1	1/4	True	0	29	67	29	29b	5	267	False	True				False	264	vi6		G	I		vi6	vi		6			m	False	False	(0, 4, 3)	()	3	0	major	major	I	I, major	vi		I	I	False	vi6	vi6, major		vi6, major		vi	vi	6		1	1	1	4	1	E	G	G	G	minor triad	1	True	True	True	True	True	3	3	3	True	True	False
1070	2	267.5	52	4	E	0	4.5	0	4	4	3	1	1/8	True	0	29	67	29	29b	3	535/2	False	False				False	264	vi6		G	I		vi6	vi		6			m	False	False	(0, 4, 3)	()	3	0	major	major	I	I, major	vi		I	I	False	vi6	vi6, major		vi6, major		vi	vi	6		1	1	1	4	1	E	G	G	G	minor triad	1	True	True	True	True	True	3	3	3	True	True	False
1070	2	267.5	52	4	E	0	4.5	0	4	4	4	1	1/8	True	0	29	67	29	29b	3	535/2	False	False				False	264	vi6		G	I		vi6	vi		6			m	False	False	(0, 4, 3)	()	3	0	major	major	I	I, major	vi		I	I	False	vi6	vi6, major		vi6, major		vi	vi	6		1	1	1	4	1	E	G	G	G	minor triad	1	True	True	True	True	True	3	3	3	True	True	False
1070	2	267.5	79	1	G	0	4.5	0	4	4	1	1	1/8	True	0	29	67	29	29b	5	535/2	False	False				False	264	vi6		G	I		vi6	vi		6			m	False	False	(0, 4, 3)	()	3	0	major	major	I	I, major	vi		I	I	False	vi6	vi6, major		vi6, major		vi	vi	6		1	1	1	4	1	E	G	G	G	minor triad	1	True	True	True	True	True	0	0	0	True	False	True
1072	2	268.0	48	0	C	0	1.0	1	4	4	3	1	1/8	True	0	30	68	30	30b	3	268	False	True				False	265	ii6		G	I		ii6	ii		6			m	False	False	(-1, 3, 2)	()	2	-1	major	major	I	I, major	ii		I	I	False	ii6	ii6, major		ii6, major		ii	ii	2		1	1	1	3	0	A	C	G	G	minor triad	1	True	True	True	True	True	-1	-1	-1	True	False	True
1072	2	268.0	48	0	C	0	1.0	1	4	4	4	1	1/8	True	0	30	68	30	30b	3	268	False	True				False	265	ii6		G	I		ii6	ii		6			m	False	False	(-1, 3, 2)	()	2	-1	major	major	I	I, major	ii		I	I	False	ii6	ii6, major		ii6, major		ii	ii	2		1	1	1	3	0	A	C	G	G	minor triad	1	True	True	True	True	True	-1	-1	-1	True	False	True
1072	2	268.0	76	4	E	0	1.0	1	4	4	2	1	1/8	False	0	30	68	30	30b	5	268	False	True				False	265	ii6		G	I		ii6	ii		6			m	False	False	(-1, 3, 2)	()	2	-1	major	major	I	I, major	ii		I	I	False	ii6	ii6, major		ii6, major		ii	ii	2		1	1	1	3	0	A	C	G	G	minor triad	1	True	True	True	True	True	3	3	3	True	False	False
1072	6	268.0	81	3	A	0	1.0	1	4	4	1	1	3/8	True	0	30	68	30	30b	5	268	False	True				False	265	ii6		G	I		ii6	ii		6			m	False	False	(-1, 3, 2)	()	2	-1	major	major	I	I, major	ii		I	I	False	ii6	ii6, major		ii6, major		ii	ii	2		1	1	1	3	0	A	C	G	G	minor triad	1	True	True	True	True	True	2	2	2	True	True	False
1074	2	268.5	60	0	C	0	1.5	0	4	4	3	1	1/8	True	0	30	68	30	30b	4	537/2	False	False				False	265	ii6		G	I		ii6	ii		6			m	False	False	(-1, 3, 2)	()	2	-1	major	major	I	I, major	ii		I	I	False	ii6	ii6, major		ii6, major		ii	ii	2		1	1	1	3	0	A	C	G	G	minor triad	1	True	True	True	True	True	-1	-1	-1	True	False	True
1074	2	268.5	60	0	C	0	1.5	0	4	4	4	1	1/8	True	0	30	68	30	30b	4	537/2	False	False				False	265	ii6		G	I		ii6	ii		6			m	False	False	(-1, 3, 2)	()	2	-1	major	major	I	I, major	ii		I	I	False	ii6	ii6, major		ii6, major		ii	ii	2		1	1	1	3	0	A	C	G	G	minor triad	1	True	True	True	True	True	-1	-1	-1	True	False	True
1074	2	268.5	76	4	E	0	1.5	0	4	4	2	1	1/8	True	0	30	68	30	30b	5	537/2	False	False				False	265	ii6		G	I		ii6	ii		6			m	False	False	(-1, 3, 2)	()	2	-1	major	major	I	I, major	ii		I	I	False	ii6	ii6, major		ii6, major		ii	ii	2		1	1	1	3	0	A	C	G	G	minor triad	1	True	True	True	True	True	3	3	3	True	False	False
1076	1	269.0	57	3	A	0	2.0	2	4	4	3	1	1/16	True	0	30	68	30	30b	3	269	False	True				False	266	viio6		G	I		viio6	vii	o	6			o	False	False	(2, -1, 5)	()	5	2	major	major	I	I, major	vii		I	I	False	viio6	viio6, major		viio6, major		vii	viio	7		1	1	1	6	3	F#	A	G	G	diminished triad	1	True	True	True	True	True	2	2	2	True	False	True
1076	2	269.0	57	3	A	0	2.0	2	4	4	4	1	1/8	True	0	30	68	30	30b	3	269	False	True				False	266	viio6		G	I		viio6	vii	o	6			o	False	False	(2, -1, 5)	()	5	2	major	major	I	I, major	vii		I	I	False	viio6	viio6, major		viio6, major		vii	viio	7		1	1	1	6	3	F#	A	G	G	diminished triad	1	True	True	True	True	True	2	2	2	True	False	True
1076	6	269.0	78	6	F	1	2.0	2	4	4	2	1	3/8	True	0	30	68	30	30b	5	269	False	True				False	266	viio6		G	I		viio6	vii	o	6			o	False	False	(2, -1, 5)	()	5	2	major	major	I	I, major	vii		I	I	False	viio6	viio6, major		viio6, major		vii	viio	7		1	1	1	6	3	F#	A	G	G	diminished triad	1	True	True	True	True	True	5	5	5	True	True	False
1077	1	269.25	55	1	G	0	2.25	0	4	4	3	1	1/16	True	0	30	68	30	30b	3	1077/4	False	False				False	266	viio6		G	I		viio6	vii	o	6			o	False	False	(2, -1, 5)	()	5	2	major	major	I	I, major	vii		I	I	False	viio6	viio6, major		viio6, major		vii	viio	7		1	1	1	6	3	F#	A	G	G	diminished triad	1	True	True	True	True	True	0	0	0	False	False	False
1078	1	269.5	54	6	F	1	2.5	0	4	4	3	1	1/16	True	0	30	68	30	30b	3	539/2	False	False				False	266	viio6		G	I		viio6	vii	o	6			o	False	False	(2, -1, 5)	()	5	2	major	major	I	I, major	vii		I	I	False	viio6	viio6, major		viio6, major		vii	viio	7		1	1	1	6	3	F#	A	G	G	diminished triad	1	True	True	True	True	True	5	5	5	True	True	False
1078	2	269.5	54	6	F	1	2.5	0	4	4	4	1	1/8	True	0	30	68	30	30b	3	539/2	False	False				False	266	viio6		G	I		viio6	vii	o	6			o	False	False	(2, -1, 5)	()	5	2	major	major	I	I, major	vii		I	I	False	viio6	viio6, major		viio6, major		vii	viio	7		1	1	1	6	3	F#	A	G	G	diminished triad	1	True	True	True	True	True	5	5	5	True	True	False
1078	2	269.5	81	3	A	0	2.5	0	4	4	1	1	1/8	True	0	30	68	30	30b	5	539/2	False	False				False	266	viio6		G	I		viio6	vii	o	6			o	False	False	(2, -1, 5)	()	5	2	major	major	I	I, major	vii		I	I	False	viio6	viio6, major		viio6, major		vii	viio	7		1	1	1	6	3	F#	A	G	G	diminished triad	1	True	True	True	True	True	2	2	2	True	False	True
1079	1	269.75	52	4	E	0	2.75	0	4	4	3	1	1/16	True	0	30	68	30	30b	3	1079/4	False	False				False	266	viio6		G	I		viio6	vii	o	6			o	False	False	(2, -1, 5)	()	5	2	major	major	I	I, major	vii		I	I	False	viio6	viio6, major		viio6, major		vii	viio	7		1	1	1	6	3	F#	A	G	G	diminished triad	1	True	True	True	True	True	3	3	3	False	False	False
1080	2	270.0	50	2	D	0	3.0	3	4	4	3	1	1/8	True	0	30	68	30	30b	3	270	False	True				False	267	iii6		G	I		iii6	iii		6			m	False	False	(1, 5, 4)	()	4	1	major	major	I	I, major	iii		I	I	False	iii6	iii6, major		iii6, major		iii	iii	3		1	1	1	5	2	B	D	G	G	minor triad	1	True	True	True	True	True	1	1	1	True	False	True
1080	2	270.0	50	2	D	0	3.0	3	4	4	4	1	1/8	True	0	30	68	30	30b	3	270	False	True				False	267	iii6		G	I		iii6	iii		6			m	False	False	(1, 5, 4)	()	4	1	major	major	I	I, major	iii		I	I	False	iii6	iii6, major		iii6, major		iii	iii	3		1	1	1	5	2	B	D	G	G	minor triad	1	True	True	True	True	True	1	1	1	True	False	True
1080	6	270.0	83	5	B	0	3.0	3	4	4	1	1	3/8	True	0	30	68	30	30b	5	270	False	True				False	267	iii6		G	I		iii6	iii		6			m	False	False	(1, 5, 4)	()	4	1	major	major	I	I, major	iii		I	I	False	iii6	iii6, major		iii6, major		iii	iii	3		1	1	1	5	2	B	D	G	G	minor triad	1	True	True	True	True	True	4	4	4	True	True	False
1082	2	270.5	62	2	D	0	3.5	0	4	4	3	1	1/8	True	0	30	68	30	30b	4	541/2	False	False				False	267	iii6		G	I		iii6	iii		6			m	False	False	(1, 5, 4)	()	4	1	major	major	I	I, major	iii		I	I	False	iii6	iii6, major		iii6, major		iii	iii	3		1	1	1	5	2	B	D	G	G	minor triad	1	True	True	True	True	True	1	1	1	True	False	True
1082	2	270.5	62	2	D	0	3.5	0	4	4	4	1	1/8	True	0	30	68	30	30b	4	541/2	False	False				False	267	iii6		G	I		iii6	iii		6			m	False	False	(1, 5, 4)	()	4	1	major	major	I	I, major	iii		I	I	False	iii6	iii6, major		iii6, major		iii	iii	3		1	1	1	5	2	B	D	G	G	minor triad	1	True	True	True	True	True	1	1	1	True	False	True
1082	2	270.5	78	6	F	1	3.5	0	4	4	2	1	1/8	True	0	30	68	30	30b	5	541/2	False	False				False	267	iii6		G	I		iii6	iii		6			m	False	False	(1, 5, 4)	()	4	1	major	major	I	I, major	iii		I	I	False	iii6	iii6, major		iii6, major		iii	iii	3		1	1	1	5	2	B	D	G	G	minor triad	1	True	True	True	True	True	5	5	5	True	False	False
1084	2	271.0	59	5	B	0	4.0	4	4	4	3	1	1/8	True	0	30	68	30	30b	3	271	False	True				False	268	I6		G	I		I6	I		6			M	False	False	(4, 1, 0)	()	0	4	major	major	I	I, major	I		I	I	False	I6	I6, major		I6, major		I	I	1		1	1	1	1	5	G	B	G	G	major triad	1	True	True	True	True	True	4	4	4	True	False	True
1084	2	271.0	59	5	B	0	4.0	4	4	4	4	1	1/8	True	0	30	68	30	30b	3	271	False	True				False	268	I6		G	I		I6	I		6			M	False	False	(4, 1, 0)	()	0	4	major	major	I	I, major	I		I	I	False	I6	I6, major		I6, major		I	I	1		1	1	1	1	5	G	B	G	G	major triad	1	True	True	True	True	True	4	4	4	True	False	True
1084	4	271.0	79	1	G	0	4.0	4	4	4	2	1	1/4	True	0	30	68	30	30b	5	271	False	True				False	268	I6		G	I		I6	I		6			M	False	False	(4, 1, 0)	()	0	4	major	major	I	I, major	I		I	I	False	I6	I6, major		I6, major		I	I	1		1	1	1	1	5	G	B	G	G	major triad	1	True	True	True	True	True	0	0	0	True	True	False
1086	2	271.5	55	1	G	0	4.5	0	4	4	3	1	1/8	True	0	30	68	30	30b	3	543/2	False	False				False	268	I6		G	I		I6	I		6			M	False	False	(4, 1, 0)	()	0	4	major	major	I	I, major	I		I	I	False	I6	I6, major		I6, major		I	I	1		1	1	1	1	5	G	B	G	G	major triad	1	True	True	True	True	True	0	0	0	True	True	False
1086	2	271.5	55	1	G	0	4.5	0	4	4	4	1	1/8	True	0	30	68	30	30b	3	543/2	False	False				False	268	I6		G	I		I6	I		6			M	False	False	(4, 1, 0)	()	0	4	major	major	I	I, major	I		I	I	False	I6	I6, major		I6, major		I	I	1		1	1	1	1	5	G	B	G	G	major triad	1	True	True	True	True	True	0	0	0	True	True	False
1086	2	271.5	83	5	B	0	4.5	0	4	4	1	1	1/8	True	0	30	68	30	30b	5	543/2	False	False				False	268	I6		G	I		I6	I		6			M	False	False	(4, 1, 0)	()	0	4	major	major	I	I, major	I		I	I	False	I6	I6, major		I6, major		I	I	1		1	1	1	1	5	G	B	G	G	major triad	1	True	True	True	True	True	4	4	4	True	False	True
1088	2	272.0	52	4	E	0	1.0	1	4	4	3	1	1/8	True	0	31	69	31	31b	3	272	False	True				False	269	IV6		G	I		IV6	IV		6			M	False	False	(3, 0, -1)	()	-1	3	major	major	I	I, major	IV		I	I	False	IV6	IV6, major		IV6, major		IV	IV	4		1	1	1	0	4	C	E	G	G	major triad	1	True	True	True	True	True	3	3	3	True	False	True
1088	2	272.0	52	4	E	0	1.0	1	4	4	4	1	1/8	True	0	31	69	31	31b	3	272	False	True				False	269	IV6		G	I		IV6	IV		6			M	False	False	(3, 0, -1)	()	-1	3	major	major	I	I, major	IV		I	I	False	IV6	IV6, major		IV6, major		IV	IV	4		1	1	1	0	4	C	E	G	G	major triad	1	True	True	True	True	True	3	3	3	True	False	True
1088	2	272.0	79	1	G	0	1.0	1	4	4	2	1	1/8	False	0	31	69	31	31b	5	272	False	True				False	269	IV6		G	I		IV6	IV		6			M	False	False	(3, 0, -1)	()	-1	3	major	major	I	I, major	IV		I	I	False	IV6	IV6, major		IV6, major		IV	IV	4		1	1	1	0	4	C	E	G	G	major triad	1	True	True	True	True	True	0	0	0	True	False	False
1088	6	272.0	84	0	C	0	1.0	1	4	4	1	1	3/8	True	0	31	69	31	31b	6	272	False	True				False	269	IV6		G	I		IV6	IV		6			M	False	False	(3, 0, -1)	()	-1	3	major	major	I	I, major	IV		I	I	False	IV6	IV6, major		IV6, major		IV	IV	4		1	1	1	0	4	C	E	G	G	major triad	1	True	True	True	True	True	-1	-1	-1	True	True	False
1090	2	272.5	64	4	E	0	1.5	0	4	4	3	1	1/8	True	0	31	69	31	31b	4	545/2	False	False				False	269	IV6		G	I		IV6	IV		6			M	False	False	(3, 0, -1)	()	-1	3	major	major	I	I, major	IV		I	I	False	IV6	IV6, major		IV6, major		IV	IV	4		1	1	1	0	4	C	E	G	G	major triad	1	True	True	True	True	True	3	3	3	True	False	True
1090	2	272.5	64	4	E	0	1.5	0	4	4	4	1	1/8	True	0	31	69	31	31b	4	545/2	False	False				False	269	IV6		G	I		IV6	IV		6			M	False	False	(3, 0, -1)	()	-1	3	major	major	I	I, major	IV		I	I	False	IV6	IV6, major		IV6, major		IV	IV	4		1	1	1	0	4	C	E	G	G	major triad	1	True	True	True	True	True	3	3	3	True	False	True
1090	2	272.5	67	1	G	0	1.5	0	4	4	2	1	1/8	True	0	31	69	31	31b	4	545/2	False	False				False	269	IV6		G	I		IV6	IV		6			M	False	False	(3, 0, -1)	()	-1	3	major	major	I	I, major	IV		I	I	False	IV6	IV6, major		IV6, major		IV	IV	4		1	1	1	0	4	C	E	G	G	major triad	1	True	True	True	True	True	0	0	0	True	False	False
1092	1	273.0	60	0	C	0	2.0	2	4	4	3	1	1/16	True	0	31	69	31	31b	4	273	False	True				False	270	ii6		G	I		ii6	ii		6			m	False	False	(-1, 3, 2)	()	2	-1	major	major	I	I, major	ii		I	I	False	ii6	ii6, major		ii6, major		ii	ii	2		1	1	1	3	0	A	C	G	G	minor triad	1	True	True	True	True	True	-1	-1	-1	True	False	True
1092	2	273.0	60	0	C	0	2.0	2	4	4	4	1	1/8	True	0	31	69	31	31b	4	273	False	True				False	270	ii6		G	I		ii6	ii		6			m	False	False	(-1, 3, 2)	()	2	-1	major	major	I	I, major	ii		I	I	False	ii6	ii6, major		ii6, major		ii	ii	2		1	1	1	3	0	A	C	G	G	minor triad	1	True	True	True	True	True	-1	-1	-1	True	False	True
1092	6	273.0	72	0	C	0	2.0	2	4	4	2	1	3/8	True	0	31	69	31	31b	5	273	False	True				False	270	ii6		G	I		ii6	ii		6			m	False	False	(-1, 3, 2)	()	2	-1	major	major	I	I, major	ii		I	I	False	ii6	ii6, major		ii6, major		ii	ii	2		1	1	1	3	0	A	C	G	G	minor triad	1	True	True	True	True	True	-1	-1	-1	True	False	True
1093	1	273.25	59	5	B	0	2.25	0	4	4	3	1	1/16	True	0	31	69	31	31b	3	1093/4	False	False				False	270	ii6		G	I		ii6	ii		6			m	False	False	(-1, 3, 2)	()	2	-1	major	major	I	I, major	ii		I	I	False	ii6	ii6, major		ii6, major		ii	ii	2		1	1	1	3	0	A	C	G	G	minor triad	1	True	True	True	True	True	4	4	4	False	False	False
1094	1	273.5	57	3	A	0	2.5	0	4	4	3	1	1/16	True	0	31	69	31	31b	3	547/2	False	False				False	270	ii6		G	I		ii6	ii		6			m	False	False	(-1, 3, 2)	()	2	-1	major	major	I	I, major	ii		I	I	False	ii6	ii6, major		ii6, major		ii	ii	2		1	1	1	3	0	A	C	G	G	minor triad	1	True	True	True	True	True	2	2	2	True	True	False
1094	2	273.5	57	3	A	0	2.5	0	4	4	4	1	1/8	True	0	31	69	31	31b	3	547/2	False	False				False	270	ii6		G	I		ii6	ii		6			m	False	False	(-1, 3, 2)	()	2	-1	major	major	I	I, major	ii		I	I	False	ii6	ii6, major		ii6, major		ii	ii	2		1	1	1	3	0	A	C	G	G	minor triad	1	True	True	True	True	True	2	2	2	True	True	False
1094	2	273.5	72	0	C	0	2.5	0	4	4	1	1	1/8	True	0	31	69	31	31b	5	547/2	False	False				False	270	ii6		G	I		ii6	ii		6			m	False	False	(-1, 3, 2)	()	2	-1	major	major	I	I, major	ii		I	I	False	ii6	ii6, major		ii6, major		ii	ii	2		1	1	1	3	0	A	C	G	G	minor triad	1	True	True	True	True	True	-1	-1	-1	True	False	True
1095	1	273.75	55	1	G	0	2.75	0	4	4	3	1	1/16	True	0	31	69	31	31b	3	1095/4	False	False				False	270	ii6		G	I		ii6	ii		6			m	False	False	(-1, 3, 2)	()	2	-1	major	major	I	I, major	ii		I	I	False	ii6	ii6, major		ii6, major		ii	ii	2		1	1	1	3	0	A	C	G	G	minor triad	1	True	True	True	True	True	0	0	0	False	False	False
1096	2	274.0	54	6	F	1	3.0	3	4	4	3	1	1/8	True	0	31	69	31	31b	3	274	False	True				False	271	V65		G	I		V65	V		65			Mm7	False	False	(5, 2, -1, 1)	()	1	5	major	major	I	I, major	V		I	I	False	V65	V65, major		V65, major		V	V7	5		1	1	1	2	6	D	F#	G	G	dominant seventh chord	1	True	True	True	True	True	5	5	5	True	False	True
1096	2	274.0	54	6	F	1	3.0	3	4	4	4	1	1/8	True	0	31	69	31	31b	3	274	False	True				False	271	V65		G	I		V65	V		65			Mm7	False	False	(5, 2, -1, 1)	()	1	5	major	major	I	I, major	V		I	I	False	V65	V65, major		V65, major		V	V7	5		1	1	1	2	6	D	F#	G	G	dominant seventh chord	1	True	True	True	True	True	5	5	5	True	False	True
1096	6	274.0	74	2	D	0	3.0	3	4	4	1	1	3/8	True	0	31	69	31	31b	5	274	False	True				False	271	V65		G	I		V65	V		65			Mm7	False	False	(5, 2, -1, 1)	()	1	5	major	major	I	I, major	V		I	I	False	V65	V65, major		V65, major		V	V7	5		1	1	1	2	6	D	F#	G	G	dominant seventh chord	1	True	True	True	True	True	1	1	1	True	True	False
1098	2	274.5	50	2	D	0	3.5	0	4	4	3	1	1/8	True	0	31	69	31	31b	3	549/2	False	False				False	271	V65		G	I		V65	V		65			Mm7	False	False	(5, 2, -1, 1)	()	1	5	major	major	I	I, major	V		I	I	False	V65	V65, major		V65, major		V	V7	5		1	1	1	2	6	D	F#	G	G	dominant seventh chord	1	True	True	True	True	True	1	1	1	True	True	False
1098	2	274.5	50	2	D	0	3.5	0	4	4	4	1	1/8	True	0	31	69	31	31b	3	549/2	False	False				False	271	V65		G	I		V65	V		65			Mm7	False	False	(5, 2, -1, 1)	()	1	5	major	major	I	I, major	V		I	I	False	V65	V65, major		V65, major		V	V7	5		1	1	1	2	6	D	F#	G	G	dominant seventh chord	1	True	True	True	True	True	1	1	1	True	True	False
1098	1	274.5	74	2	D	0	3.5	0	4	4	2	1	1/16	True	0	31	69	31	31b	5	549/2	False	False				False	271	V65		G	I		V65	V		65			Mm7	False	False	(5, 2, -1, 1)	()	1	5	major	major	I	I, major	V		I	I	False	V65	V65, major		V65, major		V	V7	5		1	1	1	2	6	D	F#	G	G	dominant seventh chord	1	True	True	True	True	True	1	1	1	True	True	False
1099	1	274.75	72	0	C	0	3.75	0	4	4	2	1	1/16	True	0	31	69	31	31b	5	1099/4	False	False				False	271	V65		G	I		V65	V		65			Mm7	False	False	(5, 2, -1, 1)	()	1	5	major	major	I	I, major	V		I	I	False	V65	V65, major		V65, major		V	V7	5		1	1	1	2	6	D	F#	G	G	dominant seventh chord	1	True	True	True	True	True	-1	-1	-1	True	False	False
1100	2	275.0	55	1	G	0	4.0	4	4	4	3	1	1/8	True	0	31	69	31	31b	3	275	False	True				False	272	I		G	I		I	I					M	False	False	(0, 4, 1)	()	0	0	major	major	I	I, major	I		I	I	False	I	I, major		I, major		I	I	1		1	1	1	1	1	G	G	G	G	major triad	0	True	True	True	True	True	0	0	0	True	True	True
1100	2	275.0	55	1	G	0	4.0	4	4	4	4	1	1/8	True	0	31	69	31	31b	3	275	False	True				False	272	I		G	I		I	I					M	False	False	(0, 4, 1)	()	0	0	major	major	I	I, major	I		I	I	False	I	I, major		I, major		I	I	1		1	1	1	1	1	G	G	G	G	major triad	0	True	True	True	True	True	0	0	0	True	True	True
1100	2	275.0	71	5	B	0	4.0	4	4	4	2	1	1/8	True	0	31	69	31	31b	4	275	False	True				False	272	I		G	I		I	I					M	False	False	(0, 4, 1)	()	0	0	major	major	I	I, major	I		I	I	False	I	I, major		I, major		I	I	1		1	1	1	1	1	G	G	G	G	major triad	0	True	True	True	True	True	4	4	4	True	False	False
1102	2	275.5	47	5	B	0	4.5	0	4	4	3	1	1/8	True	0	31	69	31	31b	2	551/2	False	True				False	273	I6		G	I		I6	I		6			M	False	False	(4, 1, 0)	()	0	4	major	major	I	I, major	I		I	I	False	I6	I6, major		I6, major		I	I	1		1	1	1	1	5	G	B	G	G	major triad	1	True	True	True	True	True	4	4	4	True	False	True
1102	2	275.5	47	5	B	0	4.5	0	4	4	4	1	1/8	True	0	31	69	31	31b	2	551/2	False	True				False	273	I6		G	I		I6	I		6			M	False	False	(4, 1, 0)	()	0	4	major	major	I	I, major	I		I	I	False	I6	I6, major		I6, major		I	I	1		1	1	1	1	5	G	B	G	G	major triad	1	True	True	True	True	True	4	4	4	True	False	True
1102	2	275.5	74	2	D	0	4.5	0	4	4	2	1	1/8	True	0	31	69	31	31b	5	551/2	False	True				False	273	I6		G	I		I6	I		6			M	False	False	(4, 1, 0)	()	0	4	major	major	I	I, major	I		I	I	False	I6	I6, major		I6, major		I	I	1		1	1	1	1	5	G	B	G	G	major triad	1	True	True	True	True	True	1	1	1	True	False	False
1102	2	275.5	79	1	G	0	4.5	0	4	4	1	1	1/8	True	0	31	69	31	31b	5	551/2	False	True				False	273	I6		G	I		I6	I		6			M	False	False	(4, 1, 0)	()	0	4	major	major	I	I, major	I		I	I	False	I6	I6, major		I6, major		I	I	1		1	1	1	1	5	G	B	G	G	major triad	1	True	True	True	True	True	0	0	0	True	True	False
1104	4	276.0	48	0	C	0	1.0	1	4	4	3	1	1/4	True	0	32	70	32	32b	3	276	False	True				False	274	IV		G	I		IV	IV					M	False	False	(-1, 3, 0)	()	-1	-1	major	major	I	I, major	IV		I	I	False	IV	IV, major		IV, major		IV	IV	4		1	1	1	0	0	C	C	G	G	major triad	0	True	True	True	True	True	-1	-1	-1	True	True	True
1104	4	276.0	48	0	C	0	1.0	1	4	4	4	1	1/4	True	0	32	70	32	32b	3	276	False	True				False	274	IV		G	I		IV	IV					M	False	False	(-1, 3, 0)	()	-1	-1	major	major	I	I, major	IV		I	I	False	IV	IV, major		IV, major		IV	IV	4		1	1	1	0	0	C	C	G	G	major triad	0	True	True	True	True	True	-1	-1	-1	True	True	True
1104	2	276.0	72	0	C	0	1.0	1	4	4	2	1	1/8	True	0	32	70	32	32b	5	276	False	True				False	274	IV		G	I		IV	IV					M	False	False	(-1, 3, 0)	()	-1	-1	major	major	I	I, major	IV		I	I	False	IV	IV, major		IV, major		IV	IV	4		1	1	1	0	0	C	C	G	G	major triad	0	True	True	True	True	True	-1	-1	-1	True	True	True
1104	2	276.0	76	4	E	0	1.0	1	4	4	1	1	1/8	True	0	32	70	32	32b	5	276	False	True				False	274	IV		G	I		IV	IV					M	False	False	(-1, 3, 0)	()	-1	-1	major	major	I	I, major	IV		I	I	False	IV	IV, major		IV, major		IV	IV	4		1	1	1	0	0	C	C	G	G	major triad	0	True	True	True	True	True	3	3	3	True	False	False
1106	2	276.5	71	5	B	0	1.5	0	4	4	2	1	1/8	True	0	32	70	32	32b	4	553/2	False	False				False	274	IV		G	I		IV	IV					M	False	False	(-1, 3, 0)	()	-1	-1	major	major	I	I, major	IV		I	I	False	IV	IV, major		IV, major		IV	IV	4		1	1	1	0	0	C	C	G	G	major triad	0	True	True	True	True	True	4	4	4	False	False	False
1106	2	276.5	74	2	D	0	1.5	0	4	4	1	1	1/8	True	0	32	70	32	32b	5	553/2	False	False				False	274	IV		G	I		IV	IV					M	False	False	(-1, 3, 0)	()	-1	-1	major	major	I	I, major	IV		I	I	False	IV	IV, major		IV, major		IV	IV	4		1	1	1	0	0	C	C	G	G	major triad	0	True	True	True	True	True	1	1	1	False	False	False
1108	4	277.0	43	1	G	0	2.0	2	4	4	3	1	1/4	True	0	32	70	32	32b	2	277	False	True				False	275	I		G	I		I	I					M	False	False	(0, 4, 1)	()	0	0	major	major	I	I, major	I		I	I	False	I	I, major		I, major		I	I	1		1	1	1	1	1	G	G	G	G	major triad	0	True	True	True	True	True	0	0	0	True	True	True
1108	4	277.0	43	1	G	0	2.0	2	4	4	4	1	1/4	True	0	32	70	32	32b	2	277	False	True				False	275	I		G	I		I	I					M	False	False	(0, 4, 1)	()	0	0	major	major	I	I, major	I		I	I	False	I	I, major		I, major		I	I	1		1	1	1	1	1	G	G	G	G	major triad	0	True	True	True	True	True	0	0	0	True	True	True
1108	2	277.0	69	3	A	0	2.0	2	4	4	2	1	1/8	True	0	32	70	32	32b	4	277	False	True				False	275	I		G	I		I	I					M	False	False	(0, 4, 1)	()	0	0	major	major	I	I, major	I		I	I	False	I	I, major		I, major		I	I	1		1	1	1	1	1	G	G	G	G	major triad	0	True	True	True	True	True	2	2	2	False	False	False
1108	2	277.0	72	0	C	0	2.0	2	4	4	1	1	1/8	True	0	32	70	32	32b	5	277	False	True				False	275	I		G	I		I	I					M	False	False	(0, 4, 1)	()	0	0	major	major	I	I, major	I		I	I	False	I	I, major		I, major		I	I	1		1	1	1	1	1	G	G	G	G	major triad	0	True	True	True	True	True	-1	-1	-1	False	False	False
1110	2	277.5	67	1	G	0	2.5	0	4	4	2	1	1/8	True	0	32	70	32	32b	4	555/2	False	False				False	275	I		G	I		I	I					M	False	False	(0, 4, 1)	()	0	0	major	major	I	I, major	I		I	I	False	I	I, major		I, major		I	I	1		1	1	1	1	1	G	G	G	G	major triad	0	True	True	True	True	True	0	0	0	True	True	True
1110	2	277.5	71	5	B	0	2.5	0	4	4	1	1	1/8	True	0	32	70	32	32b	4	555/2	False	False				False	275	I		G	I		I	I					M	False	False	(0, 4, 1)	()	0	0	major	major	I	I, major	I		I	I	False	I	I, major		I, major		I	I	1		1	1	1	1	1	G	G	G	G	major triad	0	True	True	True	True	True	4	4	4	True	False	False
1112	4	278.0	50	2	D	0	3.0	3	4	4	3	1	1/4	True	0	32	70	32	32b	3	278	False	True	HC	HC	}{	True	276	V|HC}{		G	I		V	V					M	False	False	(1, 5, 2)	()	1	1	major	major	I	I, major	V		I	I	False	V	V, major		V, major		V	V	5		1	1	1	2	2	D	D	G	G	major triad	0	True	True	True	True	True	1	1	1	True	True	True
1112	4	278.0	50	2	D	0	3.0	3	4	4	4	1	1/4	True	0	32	70	32	32b	3	278	False	True	HC	HC	}{	True	276	V|HC}{		G	I		V	V					M	False	False	(1, 5, 2)	()	1	1	major	major	I	I, major	V		I	I	False	V	V, major		V, major		V	V	5		1	1	1	2	2	D	D	G	G	major triad	0	True	True	True	True	True	1	1	1	True	True	True
1112	4	278.0	66	6	F	1	3.0	3	4	4	2	1	1/4	True	0	32	70	32	32b	4	278	False	True	HC	HC	}{	True	276	V|HC}{		G	I		V	V					M	False	False	(1, 5, 2)	()	1	1	major	major	I	I, major	V		I	I	False	V	V, major		V, major		V	V	5		1	1	1	2	2	D	D	G	G	major triad	0	True	True	True	True	True	5	5	5	True	False	False
1112	2	278.0	69	3	A	0	3.0	3	4	4	1	1	1/8	True	0	32	70	32	32b	4	278	False	True	HC	HC	}{	True	276	V|HC}{		G	I		V	V					M	False	False	(1, 5, 2)	()	1	1	major	major	I	I, major	V		I	I	False	V	V, major		V, major		V	V	5		1	1	1	2	2	D	D	G	G	major triad	0	True	True	True	True	True	2	2	2	True	False	False
1114	2	278.5	81	3	A	0	3.5	0	4	4	1	1	1/8	True	0	32	70	32	32b	5	557/2	False	False				False	276	V|HC}{		G	I		V	V					M	False	False	(1, 5, 2)	()	1	1	major	major	I	I, major	V		I	I	False	V	V, major		V, major		V	V	5		1	1	1	2	2	D	D	G	G	major triad	0	True	True	True	True	True	2	2	2	True	False	False
1116	4	279.0	74	2	D	0	4.0	4	4	4	2	1	1/4	True	0	32	70	32	32b	5	279	False	False				False	276	V|HC}{		G	I		V	V					M	False	False	(1, 5, 2)	()	1	1	major	major	I	I, major	V		I	I	False	V	V, major		V, major		V	V	5		1	1	1	2	2	D	D	G	G	major triad	0	True	True	True	True	True	1	1	1	True	True	True
1116	2	279.0	78	6	F	1	4.0	4	4	4	1	1	1/8	True	0	32	70	32	32b	5	279	False	False				False	276	V|HC}{		G	I		V	V					M	False	False	(1, 5, 2)	()	1	1	major	major	I	I, major	V		I	I	False	V	V, major		V, major		V	V	5		1	1	1	2	2	D	D	G	G	major triad	0	True	True	True	True	True	5	5	5	True	False	False
1118	2	279.5	74	2	D	0	4.5	0	4	4	1	1	1/8	True	0	32	70	32	32b	5	559/2	False	False				False	276	V|HC}{		G	I		V	V					M	False	False	(1, 5, 2)	()	1	1	major	major	I	I, major	V		I	I	False	V	V, major		V, major		V	V	5		1	1	1	2	2	D	D	G	G	major triad	0	True	True	True	True	True	1	1	1	True	True	True
1120	8	280.0	55	1	G	0	1.0	1	4	4	3	1	1/2	True	0	33	71	33	33b	3	280	False	True				False	277	I		G	I		I	I					M	False	False	(0, 4, 1)	()	0	0	major	major	I	I, major	I		I	I	False	I	I, major		I, major		I	I	1		1	1	1	1	1	G	G	G	G	major triad	0	True	True	True	True	True	0	0	0	True	True	True
1120	8	280.0	55	1	G	0	1.0	1	4	4	4	1	1/2	True	0	33	71	33	33b	3	280	False	True				False	277	I		G	I		I	I					M	False	False	(0, 4, 1)	()	0	0	major	major	I	I, major	I		I	I	False	I	I, major		I, major		I	I	1		1	1	1	1	1	G	G	G	G	major triad	0	True	True	True	True	True	0	0	0	True	True	True
1120	2	280.0	71	5	B	0	1.0	1	4	4	1	1	1/8	True	0	33	71	33	33b	4	280	False	True				False	277	I		G	I		I	I					M	False	False	(0, 4, 1)	()	0	0	major	major	I	I, major	I		I	I	False	I	I, major		I, major		I	I	1		1	1	1	1	1	G	G	G	G	major triad	0	True	True	True	True	True	4	4	4	True	False	False
1120	4	280.0	74	2	D	0	1.0	1	4	4	2	1	1/4	False	0	33	71	33	33b	5	280	False	True				False	277	I		G	I		I	I					M	False	False	(0, 4, 1)	()	0	0	major	major	I	I, major	I		I	I	False	I	I, major		I, major		I	I	1		1	1	1	1	1	G	G	G	G	major triad	0	True	True	True	True	True	1	1	1	True	False	False
1122	2	280.5	83	5	B	0	1.5	0	4	4	1	1	1/8	True	0	33	71	33	33b	5	561/2	False	False				False	277	I		G	I		I	I					M	False	False	(0, 4, 1)	()	0	0	major	major	I	I, major	I		I	I	False	I	I, major		I, major		I	I	1		1	1	1	1	1	G	G	G	G	major triad	0	True	True	True	True	True	4	4	4	True	False	False
1124	6	281.0	76	4	E	0	2.0	2	4	4	2	1	3/8	True	0	33	71	33	33b	5	281	False	True				False	278	vi6		G	I		vi6	vi		6			m	False	False	(0, 4, 3)	()	3	0	major	major	I	I, major	vi		I	I	False	vi6	vi6, major		vi6, major		vi	vi	6		1	1	1	4	1	E	G	G	G	minor triad	1	True	True	True	True	True	3	3	3	True	True	False
1124	2	281.0	79	1	G	0	2.0	2	4	4	1	1	1/8	True	0	33	71	33	33b	5	281	False	True				False	278	vi6		G	I		vi6	vi		6			m	False	False	(0, 4, 3)	()	3	0	major	major	I	I, major	vi		I	I	False	vi6	vi6, major		vi6, major		vi	vi	6		1	1	1	4	1	E	G	G	G	minor triad	1	True	True	True	True	True	0	0	0	True	False	True
1126	2	281.5	76	4	E	0	2.5	0	4	4	1	1	1/8	True	0	33	71	33	33b	5	563/2	False	False				False	278	vi6		G	I		vi6	vi		6			m	False	False	(0, 4, 3)	()	3	0	major	major	I	I, major	vi		I	I	False	vi6	vi6, major		vi6, major		vi	vi	6		1	1	1	4	1	E	G	G	G	minor triad	1	True	True	True	True	True	3	3	3	True	True	False
1128	6	282.0	57	3	A	0	3.0	3	4	4	3	1	3/8	True	0	33	71	33	33b	3	282	False	True				False	279	ii		G	I		ii	ii					m	False	False	(2, -1, 3)	()	2	2	major	major	I	I, major	ii		I	I	False	ii	ii, major		ii, major		ii	ii	2		1	1	1	3	3	A	A	G	G	minor triad	0	True	True	True	True	True	2	2	2	True	True	True
1128	6	282.0	57	3	A	0	3.0	3	4	4	4	1	3/8	True	0	33	71	33	33b	3	282	False	True				False	279	ii		G	I		ii	ii					m	False	False	(2, -1, 3)	()	2	2	major	major	I	I, major	ii		I	I	False	ii	ii, major		ii, major		ii	ii	2		1	1	1	3	3	A	A	G	G	minor triad	0	True	True	True	True	True	2	2	2	True	True	True
1128	2	282.0	72	0	C	0	3.0	3	4	4	1	1	1/8	True	0	33	71	33	33b	5	282	False	True				False	279	ii		G	I		ii	ii					m	False	False	(2, -1, 3)	()	2	2	major	major	I	I, major	ii		I	I	False	ii	ii, major		ii, major		ii	ii	2		1	1	1	3	3	A	A	G	G	minor triad	0	True	True	True	True	True	-1	-1	-1	True	False	False
1130	1	282.5	74	2	D	0	3.5	0	4	4	2	1	1/16	True	0	33	71	33	33b	5	565/2	False	False				False	279	ii		G	I		ii	ii					m	False	False	(2, -1, 3)	()	2	2	major	major	I	I, major	ii		I	I	False	ii	ii, major		ii, major		ii	ii	2		1	1	1	3	3	A	A	G	G	minor triad	0	True	True	True	True	True	1	1	1	False	False	False
1130	2	282.5	84	0	C	0	3.5	0	4	4	1	1	1/8	True	0	33	71	33	33b	6	565/2	False	False				False	279	ii		G	I		ii	ii					m	False	False	(2, -1, 3)	()	2	2	major	major	I	I, major	ii		I	I	False	ii	ii, major		ii, major		ii	ii	2		1	1	1	3	3	A	A	G	G	minor triad	0	True	True	True	True	True	-1	-1	-1	True	False	False
1131	1	282.75	76	4	E	0	3.75	0	4	4	2	1	1/16	True	0	33	71	33	33b	5	1131/4	False	False				False	279	ii		G	I		ii	ii					m	False	False	(2, -1, 3)	()	2	2	major	major	I	I, major	ii		I	I	False	ii	ii, major		ii, major		ii	ii	2		1	1	1	3	3	A	A	G	G	minor triad	0	True	True	True	True	True	3	3	3	True	False	False
1132	4	283.0	78	6	F	1	4.0	4	4	4	2	1	1/4	True	0	33	71	33	33b	5	283	False	True				False	280	viio6		G	I		viio6	vii	o	6			o	False	False	(2, -1, 5)	()	5	2	major	major	I	I, major	vii		I	I	False	viio6	viio6, major		viio6, major		vii	viio	7		1	1	1	6	3	F#	A	G	G	diminished triad	1	True	True	True	True	True	5	5	5	True	True	False
1132	2	283.0	81	3	A	0	4.0	4	4	4	1	1	1/8	True	0	33	71	33	33b	5	283	False	True				False	280	viio6		G	I		viio6	vii	o	6			o	False	False	(2, -1, 5)	()	5	2	major	major	I	I, major	vii		I	I	False	viio6	viio6, major		viio6, major		vii	viio	7		1	1	1	6	3	F#	A	G	G	diminished triad	1	True	True	True	True	True	2	2	2	True	False	True
1134	1	283.5	55	1	G	0	4.5	0	4	4	3	1	1/16	True	0	33	71	33	33b	3	567/2	False	False				False	280	viio6		G	I		viio6	vii	o	6			o	False	False	(2, -1, 5)	()	5	2	major	major	I	I, major	vii		I	I	False	viio6	viio6, major		viio6, major		vii	viio	7		1	1	1	6	3	F#	A	G	G	diminished triad	1	True	True	True	True	True	0	0	0	False	False	False
1134	1	283.5	55	1	G	0	4.5	0	4	4	4	1	1/16	True	0	33	71	33	33b	3	567/2	False	False				False	280	viio6		G	I		viio6	vii	o	6			o	False	False	(2, -1, 5)	()	5	2	major	major	I	I, major	vii		I	I	False	viio6	viio6, major		viio6, major		vii	viio	7		1	1	1	6	3	F#	A	G	G	diminished triad	1	True	True	True	True	True	0	0	0	False	False	False
1134	2	283.5	78	6	F	1	4.5	0	4	4	1	1	1/8	True	0	33	71	33	33b	5	567/2	False	False				False	280	viio6		G	I		viio6	vii	o	6			o	False	False	(2, -1, 5)	()	5	2	major	major	I	I, major	vii		I	I	False	viio6	viio6, major		viio6, major		vii	viio	7		1	1	1	6	3	F#	A	G	G	diminished triad	1	True	True	True	True	True	5	5	5	True	True	False
1135	1	283.75	57	3	A	0	4.75	0	4	4	3	1	1/16	True	0	33	71	33	33b	3	1135/4	False	False				False	280	viio6		G	I		viio6	vii	o	6			o	False	False	(2, -1, 5)	()	5	2	major	major	I	I, major	vii		I	I	False	viio6	viio6, major		viio6, major		vii	viio	7		1	1	1	6	3	F#	A	G	G	diminished triad	1	True	True	True	True	True	2	2	2	True	False	True
1135	1	283.75	57	3	A	0	4.75	0	4	4	4	1	1/16	True	0	33	71	33	33b	3	1135/4	False	False				False	280	viio6		G	I		viio6	vii	o	6			o	False	False	(2, -1, 5)	()	5	2	major	major	I	I, major	vii		I	I	False	viio6	viio6, major		viio6, major		vii	viio	7		1	1	1	6	3	F#	A	G	G	diminished triad	1	True	True	True	True	True	2	2	2	True	False	True
1136	2	284.0	59	5	B	0	1.0	1	4	4	3	1	1/8	True	0	34	72	34	34b	3	284	False	True				False	281	iii		G	I		iii	iii					m	False	False	(4, 1, 5)	()	4	4	major	major	I	I, major	iii		I	I	False	iii	iii, major		iii, major		iii	iii	3		1	1	1	5	5	B	B	G	G	minor triad	0	True	True	True	True	True	4	4	4	True	True	True
1136	2	284.0	59	5	B	0	1.0	1	4	4	4	1	1/8	True	0	34	72	34	34b	3	284	False	True				False	281	iii		G	I		iii	iii					m	False	False	(4, 1, 5)	()	4	4	major	major	I	I, major	iii		I	I	False	iii	iii, major		iii, major		iii	iii	3		1	1	1	5	5	B	B	G	G	minor triad	0	True	True	True	True	True	4	4	4	True	True	True
1136	8	284.0	74	2	D	0	1.0	1	4	4	1	1	1/2	True	0	34	72	34	34b	5	284	False	True				False	281	iii		G	I		iii	iii					m	False	False	(4, 1, 5)	()	4	4	major	major	I	I, major	iii		I	I	False	iii	iii, major		iii, major		iii	iii	3		1	1	1	5	5	B	B	G	G	minor triad	0	True	True	True	True	True	1	1	1	True	False	False
1136	4	284.0	78	6	F	1	1.0	1	4	4	2	1	1/4	False	0	34	72	34	34b	5	284	False	True				False	281	iii		G	I		iii	iii					m	False	False	(4, 1, 5)	()	4	4	major	major	I	I, major	iii		I	I	False	iii	iii, major		iii, major		iii	iii	3		1	1	1	5	5	B	B	G	G	minor triad	0	True	True	True	True	True	5	5	5	True	False	False
1138	2	284.5	62	2	D	0	1.5	0	4	4	3	1	1/8	True	0	34	72	34	34b	4	569/2	False	False				False	281	iii		G	I		iii	iii					m	False	False	(4, 1, 5)	()	4	4	major	major	I	I, major	iii		I	I	False	iii	iii, major		iii, major		iii	iii	3		1	1	1	5	5	B	B	G	G	minor triad	0	True	True	True	True	True	1	1	1	True	False	False
1138	2	284.5	62	2	D	0	1.5	0	4	4	4	1	1/8	True	0	34	72	34	34b	4	569/2	False	False				False	281	iii		G	I		iii	iii					m	False	False	(4, 1, 5)	()	4	4	major	major	I	I, major	iii		I	I	False	iii	iii, major		iii, major		iii	iii	3		1	1	1	5	5	B	B	G	G	minor triad	0	True	True	True	True	True	1	1	1	True	False	False
1140	2	285.0	59	5	B	0	2.0	2	4	4	3	1	1/8	True	0	34	72	34	34b	3	285	False	True				False	282	I6		G	I		I6	I		6			M	False	False	(4, 1, 0)	()	0	4	major	major	I	I, major	I		I	I	False	I6	I6, major		I6, major		I	I	1		1	1	1	1	5	G	B	G	G	major triad	1	True	True	True	True	True	4	4	4	True	False	True
1140	2	285.0	59	5	B	0	2.0	2	4	4	4	1	1/8	True	0	34	72	34	34b	3	285	False	True				False	282	I6		G	I		I6	I		6			M	False	False	(4, 1, 0)	()	0	4	major	major	I	I, major	I		I	I	False	I6	I6, major		I6, major		I	I	1		1	1	1	1	5	G	B	G	G	major triad	1	True	True	True	True	True	4	4	4	True	False	True
1140	8	285.0	79	1	G	0	2.0	2	4	4	2	1	1/2	True	0	34	72	34	34b	5	285	False	True				False	282	I6		G	I		I6	I		6			M	False	False	(4, 1, 0)	()	0	4	major	major	I	I, major	I		I	I	False	I6	I6, major		I6, major		I	I	1		1	1	1	1	5	G	B	G	G	major triad	1	True	True	True	True	True	0	0	0	True	True	False
1142	2	285.5	55	1	G	0	2.5	0	4	4	3	1	1/8	True	0	34	72	34	34b	3	571/2	False	False				False	282	I6		G	I		I6	I		6			M	False	False	(4, 1, 0)	()	0	4	major	major	I	I, major	I		I	I	False	I6	I6, major		I6, major		I	I	1		1	1	1	1	5	G	B	G	G	major triad	1	True	True	True	True	True	0	0	0	True	True	False
1142	2	285.5	55	1	G	0	2.5	0	4	4	4	1	1/8	True	0	34	72	34	34b	3	571/2	False	False				False	282	I6		G	I		I6	I		6			M	False	False	(4, 1, 0)	()	0	4	major	major	I	I, major	I		I	I	False	I6	I6, major		I6, major		I	I	1		1	1	1	1	5	G	B	G	G	major triad	1	True	True	True	True	True	0	0	0	True	True	False
1144	2	286.0	60	0	C	0	3.0	3	4	4	3	1	1/8	True	0	34	72	34	34b	4	286	False	True				False	283	IV		G	I		IV	IV					M	False	False	(-1, 3, 0)	()	-1	-1	major	major	I	I, major	IV		I	I	False	IV	IV, major		IV, major		IV	IV	4		1	1	1	0	0	C	C	G	G	major triad	0	True	True	True	True	True	-1	-1	-1	True	True	True
1144	2	286.0	60	0	C	0	3.0	3	4	4	4	1	1/8	True	0	34	72	34	34b	4	286	False	True				False	283	IV		G	I		IV	IV					M	False	False	(-1, 3, 0)	()	-1	-1	major	major	I	I, major	IV		I	I	False	IV	IV, major		IV, major		IV	IV	4		1	1	1	0	0	C	C	G	G	major triad	0	True	True	True	True	True	-1	-1	-1	True	True	True
1144	6	286.0	76	4	E	0	3.0	3	4	4	1	1	3/8	True	0	34	72	34	34b	5	286	False	True				False	283	IV		G	I		IV	IV					M	False	False	(-1, 3, 0)	()	-1	-1	major	major	I	I, major	IV		I	I	False	IV	IV, major		IV, major		IV	IV	4		1	1	1	0	0	C	C	G	G	major triad	0	True	True	True	True	True	3	3	3	True	False	False
1146	2	286.5	64	4	E	0	3.5	0	4	4	3	1	1/8	True	0	34	72	34	34b	4	573/2	False	False				False	283	IV		G	I		IV	IV					M	False	False	(-1, 3, 0)	()	-1	-1	major	major	I	I, major	IV		I	I	False	IV	IV, major		IV, major		IV	IV	4		1	1	1	0	0	C	C	G	G	major triad	0	True	True	True	True	True	3	3	3	True	False	False
1146	2	286.5	64	4	E	0	3.5	0	4	4	4	1	1/8	True	0	34	72	34	34b	4	573/2	False	False				False	283	IV		G	I		IV	IV					M	False	False	(-1, 3, 0)	()	-1	-1	major	major	I	I, major	IV		I	I	False	IV	IV, major		IV, major		IV	IV	4		1	1	1	0	0	C	C	G	G	major triad	0	True	True	True	True	True	3	3	3	True	False	False
1148	2	287.0	60	0	C	0	4.0	4	4	4	3	1	1/8	True	0	34	72	34	34b	4	287	False	True				False	284	ii6		G	I		ii6	ii		6			m	False	False	(-1, 3, 2)	()	2	-1	major	major	I	I, major	ii		I	I	False	ii6	ii6, major		ii6, major		ii	ii	2		1	1	1	3	0	A	C	G	G	minor triad	1	True	True	True	True	True	-1	-1	-1	True	False	True
1148	2	287.0	60	0	C	0	4.0	4	4	4	4	1	1/8	True	0	34	72	34	34b	4	287	False	True				False	284	ii6		G	I		ii6	ii		6			m	False	False	(-1, 3, 2)	()	2	-1	major	major	I	I, major	ii		I	I	False	ii6	ii6, major		ii6, major		ii	ii	2		1	1	1	3	0	A	C	G	G	minor triad	1	True	True	True	True	True	-1	-1	-1	True	False	True
1148	4	287.0	81	3	A	0	4.0	4	4	4	2	1	1/4	True	0	34	72	34	34b	5	287	False	True				False	284	ii6		G	I		ii6	ii		6			m	False	False	(-1, 3, 2)	()	2	-1	major	major	I	I, major	ii		I	I	False	ii6	ii6, major		ii6, major		ii	ii	2		1	1	1	3	0	A	C	G	G	minor triad	1	True	True	True	True	True	2	2	2	True	True	False
1150	2	287.5	57	3	A	0	4.5	0	4	4	3	1	1/8	True	0	34	72	34	34b	3	575/2	False	False				False	284	ii6		G	I		ii6	ii		6			m	False	False	(-1, 3, 2)	()	2	-1	major	major	I	I, major	ii		I	I	False	ii6	ii6, major		ii6, major		ii	ii	2		1	1	1	3	0	A	C	G	G	minor triad	1	True	True	True	True	True	2	2	2	True	True	False
1150	2	287.5	57	3	A	0	4.5	0	4	4	4	1	1/8	True	0	34	72	34	34b	3	575/2	False	False				False	284	ii6		G	I		ii6	ii		6			m	False	False	(-1, 3, 2)	()	2	-1	major	major	I	I, major	ii		I	I	False	ii6	ii6, major		ii6, major		ii	ii	2		1	1	1	3	0	A	C	G	G	minor triad	1	True	True	True	True	True	2	2	2	True	True	False
1150	1	287.5	74	2	D	0	4.5	0	4	4	1	1	1/16	True	0	34	72	34	34b	5	575/2	False	False				False	284	ii6		G	I		ii6	ii		6			m	False	False	(-1, 3, 2)	()	2	-1	major	major	I	I, major	ii		I	I	False	ii6	ii6, major		ii6, major		ii	ii	2		1	1	1	3	0	A	C	G	G	minor triad	1	True	True	True	True	True	1	1	1	False	False	False
1151	1	287.75	76	4	E	0	4.75	0	4	4	1	1	1/16	True	0	34	72	34	34b	5	1151/4	False	False				False	284	ii6		G	I		ii6	ii		6			m	False	False	(-1, 3, 2)	()	2	-1	major	major	I	I, major	ii		I	I	False	ii6	ii6, major		ii6, major		ii	ii	2		1	1	1	3	0	A	C	G	G	minor triad	1	True	True	True	True	True	3	3	3	True	False	False
1152	4	288.0	62	2	D	0	1.0	1	4	4	3	1	1/4	True	0	35	73	35	35b	4	288	False	True				False	285	V		G	I		V	V					M	False	False	(1, 5, 2)	()	1	1	major	major	I	I, major	V		I	I	False	V	V, major		V, major		V	V	5		1	1	1	2	2	D	D	G	G	major triad	0	True	True	True	True	True	1	1	1	True	True	True
1152	4	288.0	62	2	D	0	1.0	1	4	4	4	1	1/4	True	0	35	73	35	35b	4	288	False	True				False	285	V		G	I		V	V					M	False	False	(1, 5, 2)	()	1	1	major	major	I	I, major	V		I	I	False	V	V, major		V, major		V	V	5		1	1	1	2	2	D	D	G	G	major triad	0	True	True	True	True	True	1	1	1	True	True	True
1152	6	288.0	78	6	F	1	1.0	1	4	4	1	1	3/8	True	0	35	73	35	35b	5	288	False	True				False	285	V		G	I		V	V					M	False	False	(1, 5, 2)	()	1	1	major	major	I	I, major	V		I	I	False	V	V, major		V, major		V	V	5		1	1	1	2	2	D	D	G	G	major triad	0	True	True	True	True	True	5	5	5	True	False	False
1152	2	288.0	81	3	A	0	1.0	1	4	4	2	1	1/8	False	0	35	73	35	35b	5	288	False	True				False	285	V		G	I		V	V					M	False	False	(1, 5, 2)	()	1	1	major	major	I	I, major	V		I	I	False	V	V, major		V, major		V	V	5		1	1	1	2	2	D	D	G	G	major triad	0	True	True	True	True	True	2	2	2	True	False	False
1154	1	288.5	79	1	G	0	1.5	0	4	4	2	1	1/16	True	0	35	73	35	35b	5	577/2	False	False				False	285	V		G	I		V	V					M	False	False	(1, 5, 2)	()	1	1	major	major	I	I, major	V		I	I	False	V	V, major		V, major		V	V	5		1	1	1	2	2	D	D	G	G	major triad	0	True	True	True	True	True	0	0	0	False	False	False
1155	1	288.75	81	3	A	0	1.75	0	4	4	2	1	1/16	True	0	35	73	35	35b	5	1155/4	False	False				False	285	V		G	I		V	V					M	False	False	(1, 5, 2)	()	1	1	major	major	I	I, major	V		I	I	False	V	V, major		V, major		V	V	5		1	1	1	2	2	D	D	G	G	major triad	0	True	True	True	True	True	2	2	2	True	False	False
1156	4	289.0	50	2	D	0	2.0	2	4	4	3	1	1/4	True	0	35	73	35	35b	3	289	False	True				False	286	iii6		G	I		iii6	iii		6			m	False	False	(1, 5, 4)	()	4	1	major	major	I	I, major	iii		I	I	False	iii6	iii6, major		iii6, major		iii	iii	3		1	1	1	5	2	B	D	G	G	minor triad	1	True	True	True	True	True	1	1	1	True	False	True
1156	4	289.0	50	2	D	0	2.0	2	4	4	4	1	1/4	True	0	35	73	35	35b	3	289	False	True				False	286	iii6		G	I		iii6	iii		6			m	False	False	(1, 5, 4)	()	4	1	major	major	I	I, major	iii		I	I	False	iii6	iii6, major		iii6, major		iii	iii	3		1	1	1	5	2	B	D	G	G	minor triad	1	True	True	True	True	True	1	1	1	True	False	True
1156	6	289.0	83	5	B	0	2.0	2	4	4	2	1	3/8	True	0	35	73	35	35b	5	289	False	True				False	286	iii6		G	I		iii6	iii		6			m	False	False	(1, 5, 4)	()	4	1	major	major	I	I, major	iii		I	I	False	iii6	iii6, major		iii6, major		iii	iii	3		1	1	1	5	2	B	D	G	G	minor triad	1	True	True	True	True	True	4	4	4	True	True	False
1158	2	289.5	74	2	D	0	2.5	0	4	4	1	1	1/8	True	0	35	73	35	35b	5	579/2	False	False				False	286	iii6		G	I		iii6	iii		6			m	False	False	(1, 5, 4)	()	4	1	major	major	I	I, major	iii		I	I	False	iii6	iii6, major		iii6, major		iii	iii	3		1	1	1	5	2	B	D	G	G	minor triad	1	True	True	True	True	True	1	1	1	True	False	True
1160	6	290.0	52	4	E	0	3.0	3	4	4	3	1	3/8	True	0	35	73	35	35b	3	290	False	True				False	287	vi		G	I		vi	vi					m	False	False	(3, 0, 4)	()	3	3	major	major	I	I, major	vi		I	I	False	vi	vi, major		vi, major		vi	vi	6		1	1	1	4	4	E	E	G	G	minor triad	0	True	True	True	True	True	3	3	3	True	True	True
1160	6	290.0	52	4	E	0	3.0	3	4	4	4	1	3/8	True	0	35	73	35	35b	3	290	False	True				False	287	vi		G	I		vi	vi					m	False	False	(3, 0, 4)	()	3	3	major	major	I	I, major	vi		I	I	False	vi	vi, major		vi, major		vi	vi	6		1	1	1	4	4	E	E	G	G	minor triad	0	True	True	True	True	True	3	3	3	True	True	True
1160	6	290.0	79	1	G	0	3.0	3	4	4	1	1	3/8	True	0	35	73	35	35b	5	290	False	True				False	287	vi		G	I		vi	vi					m	False	False	(3, 0, 4)	()	3	3	major	major	I	I, major	vi		I	I	False	vi	vi, major		vi, major		vi	vi	6		1	1	1	4	4	E	E	G	G	minor triad	0	True	True	True	True	True	0	0	0	True	False	False
1162	2	290.5	79	1	G	0	3.5	0	4	4	2	1	1/8	True	0	35	73	35	35b	5	581/2	False	False				False	287	vi		G	I		vi	vi					m	False	False	(3, 0, 4)	()	3	3	major	major	I	I, major	vi		I	I	False	vi	vi, major		vi, major		vi	vi	6		1	1	1	4	4	E	E	G	G	minor triad	0	True	True	True	True	True	0	0	0	True	False	False
1164	4	291.0	84	0	C	0	4.0	4	4	4	2	1	1/4	True	0	35	73	35	35b	6	291	False	True				False	288	IV6		G	I		IV6	IV		6			M	False	False	(3, 0, -1)	()	-1	3	major	major	I	I, major	IV		I	I	False	IV6	IV6, major		IV6, major		IV	IV	4		1	1	1	0	4	C	E	G	G	major triad	1	True	True	True	True	True	-1	-1	-1	True	True	False
1166	1	291.5	50	2	D	0	4.5	0	4	4	3	1	1/16	True	0	35	73	35	35b	3	583/2	False	False				False	288	IV6		G	I		IV6	IV		6			M	False	False	(3, 0, -1)	()	-1	3	major	major	I	I, major	IV		I	I	False	IV6	IV6, major		IV6, major		IV	IV	4		1	1	1	0	4	C	E	G	G	major triad	1	True	True	True	True	True	1	1	1	False	False	False
1166	1	291.5	50	2	D	0	4.5	0	4	4	4	1	1/16	True	0	35	73	35	35b	3	583/2	False	False				False	288	IV6		G	I		IV6	IV		6			M	False	False	(3, 0, -1)	()	-1	3	major	major	I	I, major	IV		I	I	False	IV6	IV6, major		IV6, major		IV	IV	4		1	1	1	0	4	C	E	G	G	major triad	1	True	True	True	True	True	1	1	1	False	False	False
1166	1	291.5	78	6	F	1	4.5	0	4	4	1	1	1/16	True	0	35	73	35	35b	5	583/2	False	False				False	288	IV6		G	I		IV6	IV		6			M	False	False	(3, 0, -1)	()	-1	3	major	major	I	I, major	IV		I	I	False	IV6	IV6, major		IV6, major		IV	IV	4		1	1	1	0	4	C	E	G	G	major triad	1	True	True	True	True	True	5	5	5	False	False	False
1167	1	291.75	52	4	E	0	4.75	0	4	4	3	1	1/16	True	0	35	73	35	35b	3	1167/4	False	False				False	288	IV6		G	I		IV6	IV		6			M	False	False	(3, 0, -1)	()	-1	3	major	major	I	I, major	IV		I	I	False	IV6	IV6, major		IV6, major		IV	IV	4		1	1	1	0	4	C	E	G	G	major triad	1	True	True	True	True	True	3	3	3	True	False	True
1167	1	291.75	52	4	E	0	4.75	0	4	4	4	1	1/16	True	0	35	73	35	35b	3	1167/4	False	False				False	288	IV6		G	I		IV6	IV		6			M	False	False	(3, 0, -1)	()	-1	3	major	major	I	I, major	IV		I	I	False	IV6	IV6, major		IV6, major		IV	IV	4		1	1	1	0	4	C	E	G	G	major triad	1	True	True	True	True	True	3	3	3	True	False	True
1167	1	291.75	76	4	E	0	4.75	0	4	4	1	1	1/16	True	0	35	73	35	35b	5	1167/4	False	False				False	288	IV6		G	I		IV6	IV		6			M	False	False	(3, 0, -1)	()	-1	3	major	major	I	I, major	IV		I	I	False	IV6	IV6, major		IV6, major		IV	IV	4		1	1	1	0	4	C	E	G	G	major triad	1	True	True	True	True	True	3	3	3	True	False	True
1168	2	292.0	54	6	F	1	1.0	1	4	4	3	1	1/8	True	0	36	74	36	36b	3	292	False	True				False	289	V65		G	I		V65	V		65			Mm7	False	False	(5, 2, -1, 1)	()	1	5	major	major	I	I, major	V		I	I	False	V65	V65, major		V65, major		V	V7	5		1	1	1	2	6	D	F#	G	G	dominant seventh chord	1	True	True	True	True	True	5	5	5	True	False	True
1168	2	292.0	54	6	F	1	1.0	1	4	4	4	1	1/8	True	0	36	74	36	36b	3	292	False	True				False	289	V65		G	I		V65	V		65			Mm7	False	False	(5, 2, -1, 1)	()	1	5	major	major	I	I, major	V		I	I	False	V65	V65, major		V65, major		V	V7	5		1	1	1	2	6	D	F#	G	G	dominant seventh chord	1	True	True	True	True	True	5	5	5	True	False	True
1168	4	292.0	81	3	A	0	1.0	1	4	4	1	1	1/4	True	0	36	74	36	36b	5	292	False	True				False	289	V65		G	I		V65	V		65			Mm7	False	False	(5, 2, -1, 1)	()	1	5	major	major	I	I, major	V		I	I	False	V65	V65, major		V65, major		V	V7	5		1	1	1	2	6	D	F#	G	G	dominant seventh chord	1	True	True	True	True	True	2	2	2	True	False	False
1168	2	292.0	84	0	C	0	1.0	1	4	4	2	1	1/8	False	0	36	74	36	36b	6	292	False	True				False	289	V65		G	I		V65	V		65			Mm7	False	False	(5, 2, -1, 1)	()	1	5	major	major	I	I, major	V		I	I	False	V65	V65, major		V65, major		V	V7	5		1	1	1	2	6	D	F#	G	G	dominant seventh chord	1	True	True	True	True	True	-1	-1	-1	True	False	False
1170	2	292.5	50	2	D	0	1.5	0	4	4	3	1	1/8	True	0	36	74	36	36b	3	585/2	False	False				False	289	V65		G	I		V65	V		65			Mm7	False	False	(5, 2, -1, 1)	()	1	5	major	major	I	I, major	V		I	I	False	V65	V65, major		V65, major		V	V7	5		1	1	1	2	6	D	F#	G	G	dominant seventh chord	1	True	True	True	True	True	1	1	1	True	True	False
1170	2	292.5	50	2	D	0	1.5	0	4	4	4	1	1/8	True	0	36	74	36	36b	3	585/2	False	False				False	289	V65		G	I		V65	V		65			Mm7	False	False	(5, 2, -1, 1)	()	1	5	major	major	I	I, major	V		I	I	False	V65	V65, major		V65, major		V	V7	5		1	1	1	2	6	D	F#	G	G	dominant seventh chord	1	True	True	True	True	True	1	1	1	True	True	False
1170	1	292.5	74	2	D	0	1.5	0	4	4	2	1	1/16	True	0	36	74	36	36b	5	585/2	False	False				False	289	V65		G	I		V65	V		65			Mm7	False	False	(5, 2, -1, 1)	()	1	5	major	major	I	I, major	V		I	I	False	V65	V65, major		V65, major		V	V7	5		1	1	1	2	6	D	F#	G	G	dominant seventh chord	1	True	True	True	True	True	1	1	1	True	True	False
1171	1	292.75	72	0	C	0	1.75	0	4	4	2	1	1/16	True	0	36	74	36	36b	5	1171/4	False	False				False	289	V65		G	I		V65	V		65			Mm7	False	False	(5, 2, -1, 1)	()	1	5	major	major	I	I, major	V		I	I	False	V65	V65, major		V65, major		V	V7	5		1	1	1	2	6	D	F#	G	G	dominant seventh chord	1	True	True	True	True	True	-1	-1	-1	True	False	False
1172	2	293.0	55	1	G	0	2.0	2	4	4	3	1	1/8	True	0	36	74	36	36b	3	293	False	True				False	290	I		G	I		I	I					M	False	False	(0, 4, 1)	()	0	0	major	major	I	I, major	I		I	I	False	I	I, major		I, major		I	I	1		1	1	1	1	1	G	G	G	G	major triad	0	True	True	True	True	True	0	0	0	True	True	True
1172	2	293.0	55	1	G	0	2.0	2	4	4	4	1	1/8	True	0	36	74	36	36b	3	293	False	True				False	290	I		G	I		I	I					M	False	False	(0, 4, 1)	()	0	0	major	major	I	I, major	I		I	I	False	I	I, major		I, major		I	I	1		1	1	1	1	1	G	G	G	G	major triad	0	True	True	True	True	True	0	0	0	True	True	True
1172	2	293.0	71	5	B	0	2.0	2	4	4	2	1	1/8	True	0	36	74	36	36b	4	293	False	True				False	290	I		G	I		I	I					M	False	False	(0, 4, 1)	()	0	0	major	major	I	I, major	I		I	I	False	I	I, major		I, major		I	I	1		1	1	1	1	1	G	G	G	G	major triad	0	True	True	True	True	True	4	4	4	True	False	False
1172	6	293.0	74	2	D	0	2.0	2	4	4	1	1	3/8	True	0	36	74	36	36b	5	293	False	True				False	290	I		G	I		I	I					M	False	False	(0, 4, 1)	()	0	0	major	major	I	I, major	I		I	I	False	I	I, major		I, major		I	I	1		1	1	1	1	1	G	G	G	G	major triad	0	True	True	True	True	True	1	1	1	True	False	False
1174	2	293.5	47	5	B	0	2.5	0	4	4	3	1	1/8	True	0	36	74	36	36b	2	587/2	False	True				False	291	I6		G	I		I6	I		6			M	False	False	(4, 1, 0)	()	0	4	major	major	I	I, major	I		I	I	False	I6	I6, major		I6, major		I	I	1		1	1	1	1	5	G	B	G	G	major triad	1	True	True	True	True	True	4	4	4	True	False	True
1174	2	293.5	47	5	B	0	2.5	0	4	4	4	1	1/8	True	0	36	74	36	36b	2	587/2	False	True				False	291	I6		G	I		I6	I		6			M	False	False	(4, 1, 0)	()	0	4	major	major	I	I, major	I		I	I	False	I6	I6, major		I6, major		I	I	1		1	1	1	1	5	G	B	G	G	major triad	1	True	True	True	True	True	4	4	4	True	False	True
1174	2	293.5	74	2	D	0	2.5	0	4	4	2	1	1/8	True	0	36	74	36	36b	5	587/2	False	True				False	291	I6		G	I		I6	I		6			M	False	False	(4, 1, 0)	()	0	4	major	major	I	I, major	I		I	I	False	I6	I6, major		I6, major		I	I	1		1	1	1	1	5	G	B	G	G	major triad	1	True	True	True	True	True	1	1	1	True	False	False
1176	6	294.0	48	0	C	0	3.0	3	4	4	3	1	3/8	True	0	36	74	36	36b	3	294	False	True				False	292	IV(9)		G	I		IV(9)	IV			9		M	False	False	(-1, 3, 0)	(1,)	-1	-1	major	major	I	I, major	IV		I	I	False	IV	IV, major		IV(9), major		IV	IV	4		1	1	1	0	0	C	C	G	G	major triad	0	True	True	True	True	True	-1	-1	-1	True	True	True
1176	6	294.0	48	0	C	0	3.0	3	4	4	4	1	3/8	True	0	36	74	36	36b	3	294	False	True				False	292	IV(9)		G	I		IV(9)	IV			9		M	False	False	(-1, 3, 0)	(1,)	-1	-1	major	major	I	I, major	IV		I	I	False	IV	IV, major		IV(9), major		IV	IV	4		1	1	1	0	0	C	C	G	G	major triad	0	True	True	True	True	True	-1	-1	-1	True	True	True
1176	6	294.0	64	4	E	0	3.0	3	4	4	2	1	3/8	True	0	36	74	36	36b	4	294	False	True				False	292	IV(9)		G	I		IV(9)	IV			9		M	False	False	(-1, 3, 0)	(1,)	-1	-1	major	major	I	I, major	IV		I	I	False	IV	IV, major		IV(9), major		IV	IV	4		1	1	1	0	0	C	C	G	G	major triad	0	True	True	True	True	True	3	3	3	True	False	False
1178	2	294.5	67	1	G	0	3.5	0	4	4	1	1	1/8	True	0	36	74	36	36b	4	589/2	False	False				False	292	IV(9)		G	I		IV(9)	IV			9		M	False	False	(-1, 3, 0)	(1,)	-1	-1	major	major	I	I, major	IV		I	I	False	IV	IV, major		IV(9), major		IV	IV	4		1	1	1	0	0	C	C	G	G	major triad	0	True	True	True	True	True	0	0	0	True	False	False
1180	4	295.0	72	0	C	0	4.0	4	4	4	1	1	1/4	True	0	36	74	36	36b	5	295	False	True				False	293	IV		G	I		IV	IV					M	False	False	(-1, 3, 0)	()	-1	-1	major	major	I	I, major	IV		I	I	False	IV	IV, major		IV, major		IV	IV	4		1	1	1	0	0	C	C	G	G	major triad	0	True	True	True	True	True	-1	-1	-1	True	True	True
1182	2	295.5	48	0	C	0	4.5	0	4	4	3	1	1/8	True	0	36	74	36	36b	3	591/2	False	True				False	294	ii6		G	I		ii6	ii		6			m	False	False	(-1, 3, 2)	()	2	-1	major	major	I	I, major	ii		I	I	False	ii6	ii6, major		ii6, major		ii	ii	2		1	1	1	3	0	A	C	G	G	minor triad	1	True	True	True	True	True	-1	-1	-1	True	False	True
1182	2	295.5	48	0	C	0	4.5	0	4	4	4	1	1/8	True	0	36	74	36	36b	3	591/2	False	True				False	294	ii6		G	I		ii6	ii		6			m	False	False	(-1, 3, 2)	()	2	-1	major	major	I	I, major	ii		I	I	False	ii6	ii6, major		ii6, major		ii	ii	2		1	1	1	3	0	A	C	G	G	minor triad	1	True	True	True	True	True	-1	-1	-1	True	False	True
1182	2	295.5	69	3	A	0	4.5	0	4	4	2	1	1/8	True	0	36	74	36	36b	4	591/2	False	True				False	294	ii6		G	I		ii6	ii		6			m	False	False	(-1, 3, 2)	()	2	-1	major	major	I	I, major	ii		I	I	False	ii6	ii6, major		ii6, major		ii	ii	2		1	1	1	3	0	A	C	G	G	minor triad	1	True	True	True	True	True	2	2	2	True	True	False
1184	8	296.0	50	2	D	0	1.0	1	4	4	3	1	1/2	True	0	37	75	37	37b	3	296	False	True				False	295	V7		G	I		V7	V		7			Mm7	False	False	(1, 5, 2, -1)	()	1	1	major	major	I	I, major	V		I	I	False	V7	V7, major		V7, major		V	V7	5		1	1	1	2	2	D	D	G	G	dominant seventh chord	7	True	True	True	True	True	1	1	1	True	True	True
1184	8	296.0	50	2	D	0	1.0	1	4	4	4	1	1/2	True	0	37	75	37	37b	3	296	False	True				False	295	V7		G	I		V7	V		7			Mm7	False	False	(1, 5, 2, -1)	()	1	1	major	major	I	I, major	V		I	I	False	V7	V7, major		V7, major		V	V7	5		1	1	1	2	2	D	D	G	G	dominant seventh chord	7	True	True	True	True	True	1	1	1	True	True	True
1184	2	296.0	66	6	F	1	1.0	1	4	4	2	1	1/8	True	0	37	75	37	37b	4	296	False	True				False	295	V7		G	I		V7	V		7			Mm7	False	False	(1, 5, 2, -1)	()	1	1	major	major	I	I, major	V		I	I	False	V7	V7, major		V7, major		V	V7	5		1	1	1	2	2	D	D	G	G	dominant seventh chord	7	True	True	True	True	True	5	5	5	True	False	False
1184	4	296.0	72	0	C	0	1.0	1	4	4	1	1	1/4	False	0	37	75	37	37b	5	296	False	True				False	295	V7		G	I		V7	V		7			Mm7	False	False	(1, 5, 2, -1)	()	1	1	major	major	I	I, major	V		I	I	False	V7	V7, major		V7, major		V	V7	5		1	1	1	2	2	D	D	G	G	dominant seventh chord	7	True	True	True	True	True	-1	-1	-1	True	False	False
1186	2	296.5	62	2	D	0	1.5	0	4	4	2	1	1/8	True	0	37	75	37	37b	4	593/2	False	False				False	295	V7		G	I		V7	V		7			Mm7	False	False	(1, 5, 2, -1)	()	1	1	major	major	I	I, major	V		I	I	False	V7	V7, major		V7, major		V	V7	5		1	1	1	2	2	D	D	G	G	dominant seventh chord	7	True	True	True	True	True	1	1	1	True	True	True
1188	8	297.0	67	1	G	0	2.0	2	4	4	2	1	1/2	True	0	37	75	37	37b	4	297	False	True				False	296	V(64)		G	I		V(64)	V			64		M	False	False	(1, 0, 4)	()	1	1	major	major	I	I, major	V		I	I	False	V	V, major		V(64), major		V	Cad	5		1	1	1	2	2	D	D	G	G	major triad	0	True	True	True	True	True	0	0	0	True	False	False
1188	4	297.0	71	5	B	0	2.0	2	4	4	1	1	1/4	True	0	37	75	37	37b	4	297	False	True				False	296	V(64)		G	I		V(64)	V			64		M	False	False	(1, 0, 4)	()	1	1	major	major	I	I, major	V		I	I	False	V	V, major		V(64), major		V	Cad	5		1	1	1	2	2	D	D	G	G	major triad	0	True	True	True	True	True	4	4	4	True	False	False
1192	8	298.0	38	2	D	0	3.0	3	4	4	3	1	1/2	True	0	37	75	37	37b	2	298	False	True				False	297	V(4)		G	I		V(4)	V			4		M	False	False	(1, 0, 2)	()	1	1	major	major	I	I, major	V		I	I	False	V	V, major		V(4), major		V	V	5		1	1	1	2	2	D	D	G	G	major triad	0	True	True	True	True	True	1	1	1	True	True	True
1192	8	298.0	38	2	D	0	3.0	3	4	4	4	1	1/2	True	0	37	75	37	37b	2	298	False	True				False	297	V(4)		G	I		V(4)	V			4		M	False	False	(1, 0, 2)	()	1	1	major	major	I	I, major	V		I	I	False	V	V, major		V(4), major		V	V	5		1	1	1	2	2	D	D	G	G	major triad	0	True	True	True	True	True	1	1	1	True	True	True
1192	8	298.0	69	3	A	0	3.0	3	4	4	1	1	1/2	True	0	37	75	37	37b	4	298	False	True				False	297	V(4)		G	I		V(4)	V			4		M	False	False	(1, 0, 2)	()	1	1	major	major	I	I, major	V		I	I	False	V	V, major		V(4), major		V	V	5		1	1	1	2	2	D	D	G	G	major triad	0	True	True	True	True	True	2	2	2	True	False	False
1196	4	299.0	66	6	F	1	4.0	4	4	4	2	1	1/4	True	0	37	75	37	37b	4	299	False	True				False	298	V		G	I		V	V					M	False	False	(1, 5, 2)	()	1	1	major	major	I	I, major	V		I	I	False	V	V, major		V, major		V	V	5		1	1	1	2	2	D	D	G	G	major triad	0	True	True	True	True	True	5	5	5	True	False	False
1200	16	300.0	43	1	G	0	1.0	1	4	4	3	1	1	True	0	38	76	38	38b	2	300	False	True	PAC	PAC	}	True	299	I|PAC}		G	I		I	I					M	False	False	(0, 4, 1)	()	0	0	major	major	I	I, major	I		I	I	False	I	I, major		I, major		I	I	1		1	1	1	1	1	G	G	G	G	major triad	0	True	True	True	True	True	0	0	0	True	True	True
1200	16	300.0	43	1	G	0	1.0	1	4	4	4	1	1	True	0	38	76	38	38b	2	300	False	True	PAC	PAC	}	True	299	I|PAC}		G	I		I	I					M	False	False	(0, 4, 1)	()	0	0	major	major	I	I, major	I		I	I	False	I	I, major		I, major		I	I	1		1	1	1	1	1	G	G	G	G	major triad	0	True	True	True	True	True	0	0	0	True	True	True
1200	16	300.0	67	1	G	0	1.0	1	4	4	1	1	1	True	0	38	76	38	38b	4	300	False	True	PAC	PAC	}	True	299	I|PAC}		G	I		I	I					M	False	False	(0, 4, 1)	()	0	0	major	major	I	I, major	I		I	I	False	I	I, major		I, major		I	I	1		1	1	1	1	1	G	G	G	G	major triad	0	True	True	True	True	True	0	0	0	True	True	True
1200	16	300.0	67	1	G	0	1.0	1	4	4	2	1	1	True	0	38	76	38	38b	4	300	False	True	PAC	PAC	}	True	299	I|PAC}		G	I		I	I					M	False	False	(0, 4, 1)	()	0	0	major	major	I	I, major	I		I	I	False	I	I, major		I, major		I	I	1		1	1	1	1	1	G	G	G	G	major triad	0	True	True	True	True	True	0	0	0	True	True	True
